occ,resource,consumer,body_mass_resource,body_mass_consumer,class_resource,class_consumer,category_resource,category_consumer
1,Tamias merriami,Pituophis melanoleucus,74.8,315.2912209,mammals,reptilia,na,na
1,Equus hemionus,Canis lupus,238000,33591.665,mammals,mammals,na,na
1,Lepus californicus,Buteo jamaicensis,2421.24,1101.16,mammals,aves,na,na
1,Anaxyrus woodhousii,Buteo regalis,10.2,1437.18,amphibians,aves,na,na
1,Sylvilagus floridanus,Strix varia,1191.395,711.49,mammals,aves,na,na
1,Lasiurus seminolus,Didelphis virginiana,9.88,2332.74,mammals,mammals,bat,na
1,Perisoreus canadensis,Accipiter gentilis,71.58,866.04,aves,aves,na,na
1,Blarina brevicauda,Asio flammeus,23.2,322.61,mammals,aves,na,na
1,Tyrannus verticalis,Accipiter cooperii,39.6,429.67,aves,aves,na,na
1,Eremophila alpestris,Aquila chrysaetos,33.33,4247.97,aves,aves,na,na
1,Eremophila alpestris,Tyto alba,33.33,403.32,aves,aves,na,na
1,Sciurus carolinensis,Buteo platypterus,526.25,453.65,mammals,aves,na,na
1,Cervus elaphus,Canis latrans,202507.925,12703.165,mammals,mammals,na,na
1,Piranga rubra,Accipiter cooperii,29.13,429.67,aves,aves,na,na
1,Perisoreus canadensis,Haliaeetus leucocephalus,71.58,4700.58,aves,aves,na,na
1,Zenaida macroura,Accipiter cooperii,118.93,429.67,aves,aves,na,na
1,Pseudacris regilla,Canis latrans,5.6,12703.165,amphibians,mammals,na,na
1,Dendroica petechia,Coluber constrictor,10.22,208.8797407,aves,reptilia,na,na
1,Calidris minutilla,Asio flammeus,22.88,322.61,aves,aves,na,na
1,Sturnella magna,Python molurus,91.76,24741.97203,aves,reptilia,na,na
1,Reithrodontomys megalotis,Buteo lagopus,10.035,949.76,mammals,aves,na,na
1,Plestiodon gilberti,Buteo albonotatus,18.09174894,745.92,reptilia,aves,na,na
1,Epomophorus gambianus,Felis silvestris,128.435,4794.995,mammals,mammals,bat,na
1,Molothrus ater,Buteo lineatus,42.02651747,603.72,aves,aves,na,na
1,Oreamnos americanus,Ursus arctos,71900.165,188260.21,mammals,mammals,na,na
1,Sitta pygmaea,Pituophis catenifer,10.6,497.1560436,aves,reptilia,na,na
1,Alces alces,Ursus americanus,418999.08,105474.68,mammals,mammals,na,na
1,Dipodomys ordii,Asio otus,55.4,296.57,mammals,aves,na,na
1,Rhinella marina,Buteo jamaicensis,106.25,1101.16,amphibians,aves,na,na
1,Alectoris chukar,Buteo jamaicensis,502.1,1101.16,aves,aves,na,na
1,Egretta tricolor,Cathartes aura,372.3,1518.24,aves,aves,na,na
1,Ardea herodias,Haliaeetus leucocephalus,2523.41,4700.58,aves,aves,na,na
1,Sturnus vulgaris,Falco mexicanus,77.14,713.07,aves,aves,na,na
1,Neotoma cinerea,Bubo virginianus,292.575,1575.7,mammals,aves,na,na
1,Thomomys bottae,Canis latrans,118.875,12703.165,mammals,mammals,na,na
1,Reithrodontomys montanus,Circus cyaneus,10.9,392.98,mammals,aves,na,na
1,Rattus rattus,Canis lupus,186.065,33591.665,mammals,mammals,na,na
1,Ambystoma maculatum,Ambystoma tigrinum,18.32772807,51.34366071,amphibians,amphibians,na,na
1,Mustela erminea,Tyto alba,201.69,403.32,mammals,aves,na,na
1,Sorex vagrans,Tyto alba,5.89,403.32,mammals,aves,na,na
1,Ptychoramphus aleuticus,Homo sapiens,184,58620.315,aves,mammals,na,na
1,Chordeiles minor,Urocyon cinereoargenteus,79.3,3831.86,aves,mammals,na,na
1,Sturnus vulgaris,Megascops kennicottii,77.14,141.82,aves,aves,na,na
1,Nerodia clarkii,Grus americana,85.59780133,5825.99,reptilia,aves,na,na
1,Neurotrichus gibbsii,Urocyon cinereoargenteus,9.17,3831.86,mammals,mammals,na,na
1,Bombycilla cedrorum,Accipiter cooperii,31.58,429.67,aves,aves,na,na
1,Condylura cristata,Megascops asio,65.55,179.99,mammals,aves,na,na
1,Lagopus muta,Aquila chrysaetos,535.3,4247.97,aves,aves,na,na
1,Odocoileus virginianus,Puma concolor,65254.28,52750.02,mammals,mammals,na,na
1,Macropus giganteus,Canis lupus,29737.5,33591.665,mammals,mammals,na,na
1,Clethrionomys californicus,Mustela erminea,18.3,201.69,mammals,mammals,na,na
1,Uria aalge,Uria aalge,991.93,991.93,aves,aves,na,na
1,Arborimus longicaudus,Strix occidentalis,21.8,586.37,mammals,aves,na,na
1,Mergus merganser,Aquila chrysaetos,1451.02,4247.97,aves,aves,na,na
1,Thomomys townsendii,Buteo regalis,263.175,1437.18,mammals,aves,na,na
1,Phasianus colchicus,Aquila chrysaetos,1120.31,4247.97,aves,aves,na,na
1,Charadrius vociferus,Asio otus,96.44,296.57,aves,aves,na,na
1,Buteo jamaicensis,Haliaeetus leucocephalus,1101.16,4700.58,aves,aves,na,na
1,Gymnorhinus cyanocephalus,Falco mexicanus,104.82,713.07,aves,aves,na,na
1,Canis latrans,Caracara cheriway,12703.165,1078.62,mammals,aves,na,na
1,Octodon degus,Parabuteo unicinctus,206.5,850.28,mammals,aves,na,na
1,Fringilla coelebs,Asio otus,23.81,296.57,aves,aves,na,na
1,Sylvilagus audubonii,Corvus corax,886.315,927.97,mammals,aves,na,na
1,Litocranius walleri,Panthera leo,38249.845,160249.53,mammals,mammals,na,na
1,Pachyptila salvini,Macronectes giganteus,159,3591.69,aves,aves,na,na
1,Raphicerus sharpei,Acinonyx jubatus,9414.96,48600,mammals,mammals,na,na
1,Aepyceros melampus,Panthera leo,52400.04,160249.53,mammals,mammals,na,na
1,Zenaida macroura,Glaucidium gnoma,118.93,61.25,aves,aves,na,na
1,Thamnophis atratus,Ardea herodias,128.6684147,2523.41,reptilia,aves,na,na
1,Junco hyemalis,Haliaeetus leucocephalus,19.5,4700.58,aves,aves,na,na
1,Bos grunniens,Uncia uncia,458250,38333.5,mammals,mammals,na,na
1,Dumetella carolinensis,Strix varia,35.3,711.49,aves,aves,na,na
1,Buteo lineatus,Haliaeetus leucocephalus,603.72,4700.58,aves,aves,na,na
1,Tamias bulleri,Accipiter cooperii,100,429.67,mammals,aves,na,na
1,Sylvilagus audubonii,Asio otus,886.315,296.57,mammals,aves,na,na
1,Myadestes townsendi,Accipiter striatus,34.0203861,130.59,aves,aves,na,na
1,Petauroides volans,Canis lupus,1280,33591.665,mammals,mammals,na,na
1,Kobus vardonii,Crocodylus niloticus,71250.325,104541.5094,mammals,reptilia,na,na
1,Sylvilagus floridanus,Crotalus atrox,1191.395,1695.613881,mammals,reptilia,na,na
1,Sylvilagus audubonii,Buteo swainsoni,886.315,946.61,mammals,aves,na,na
1,Zenaida asiatica,Procyon lotor,153,5947.485,aves,mammals,na,na
1,Rallus longirostris,Python molurus,285.2886885,24741.97203,aves,reptilia,na,na
1,Neurotrichus gibbsii,Canis latrans,9.17,12703.165,mammals,mammals,na,na
1,Lacerta bilineata,Hierophis viridiflavus,21.74271917,138.9590956,reptilia,reptilia,na,na
1,Ondatra zibethicus,Ursus arctos,1028.875,188260.21,mammals,mammals,na,na
1,Eleutherodactylus portoricensis,Buteo platypterus,3.7,453.65,amphibians,aves,na,na
1,Muscardinus avellanarius,Vulpes vulpes,28.35,5158.085,mammals,mammals,na,na
1,Anas acuta,Python molurus,944.62,24741.97203,aves,reptilia,na,na
1,Zenaida macroura,Falco femoralis,118.93,335.76,aves,aves,na,na
1,Anolis gundlachi,Turdus plumbeus,5.802858037,75.3,reptilia,aves,na,na
1,Anas platyrhynchos,Buteo lineatus,843.42,603.72,aves,aves,na,na
1,Ochotona princeps,Ursus arctos,157.815,188260.21,mammals,mammals,na,na
1,Anolis gundlachi,Megascops nudipes,5.802858037,137.34,reptilia,aves,na,na
1,Nectarinia osea,Asio otus,7.18,296.57,aves,aves,na,na
1,Podiceps auritus,Haliaeetus leucocephalus,453,4700.58,aves,aves,na,na
1,Microtus pennsylvanicus,Circus cyaneus,39.625,392.98,mammals,aves,na,na
1,Zapus princeps,Glaucidium gnoma,28.1,61.25,mammals,aves,na,na
1,Parascalops breweri,Didelphis virginiana,50.8,2332.74,mammals,mammals,na,na
1,Aramus guarauna,Caiman crocodilus,1080,15888.10568,aves,reptilia,na,na
1,Icterus parisorum,Falco femoralis,36.48,335.76,aves,aves,na,na
1,Spizella passerina,Accipiter striatus,12.2,130.59,aves,aves,na,na
1,Sorex longirostris,Tyto alba,3.38,403.32,mammals,aves,na,na
1,Chordeiles minor,Corvus corax,79.3,927.97,aves,aves,na,na
1,Cercomela melanura,Asio otus,15.2,296.57,aves,aves,na,na
1,Zapus princeps,Urocyon cinereoargenteus,28.1,3831.86,mammals,mammals,na,na
1,Dendroica petechia,Accipiter cooperii,10.22,429.67,aves,aves,na,na
1,Moschus chrysogaster,Homo sapiens,14000,58620.315,mammals,mammals,na,na
1,Turdus migratorius,Aquila chrysaetos,79.98562144,4247.97,aves,aves,na,na
1,Ondatra zibethicus,Cathartes aura,1028.875,1518.24,mammals,aves,na,na
1,Rhinocheilus lecontei,Buteo jamaicensis,123.6838176,1101.16,reptilia,aves,na,na
1,Sigmodon leucotis,Accipiter cooperii,133.75,429.67,mammals,aves,na,na
1,Cryptotis parva,Asio otus,4.915,296.57,mammals,aves,na,na
1,Pseudacris triseriata,Lanius excubitor,1.208816667,63.41,amphibians,aves,na,na
1,Papio hamadryas,Panthera pardus,19075.025,52219.11,mammals,mammals,na,na
1,Myotis lucifugus,Megascops asio,7.71,179.99,mammals,aves,bat,na
1,Castor canadensis,Ursus arctos,19960,188260.21,mammals,mammals,na,na
1,Colaptes auratus,Buteo platypterus,131.46,453.65,aves,aves,na,na
1,Plethodon cinereus,Turdus migratorius,32.90421875,79.98562144,amphibians,aves,na,na
1,Microtus californicus,Buteo jamaicensis,57.41,1101.16,mammals,aves,na,na
1,Marmota flaviventris,Bubo virginianus,3529.98,1575.7,mammals,aves,na,na
1,Tamias minimus,Accipiter gentilis,89.085,866.04,mammals,aves,na,na
1,Branta bernicla,Larus hyperboreus,1277.91,1529.04,aves,aves,na,na
1,Oligoryzomys longicaudatus,Bubo virginianus,27.3,1575.7,mammals,aves,na,na
1,Microtus pennsylvanicus,Ursus arctos,39.625,188260.21,mammals,mammals,na,na
1,Microtus townsendii,Haliaeetus leucocephalus,58.425,4700.58,mammals,aves,na,na
1,Cepphus columba,Haliaeetus leucocephalus,530,4700.58,aves,aves,na,na
1,Myodes rutilus,Surnia ulula,19.94,319.9,mammals,aves,na,na
1,Dipodomys ordii,Athene cunicularia,55.4,150.61,mammals,aves,na,na
1,Physalaemus albonotatus,Pitangus sulphuratus,2.3,62.85,amphibians,aves,na,na
1,Thamnophis sirtalis,Procyon lotor,287.1256415,5947.485,reptilia,mammals,na,na
1,Callipepla gambelii,Accipiter cooperii,165.95,429.67,aves,aves,na,na
1,Procapra gutturosa,Aquila nipalensis,27925,2714.33,mammals,aves,na,na
1,Papio papio,Panthera pardus,18026.05,52219.11,mammals,mammals,na,na
1,Sturnus vulgaris,Tyto alba,77.14,403.32,aves,aves,na,na
1,Coturnix coturnix,Asio otus,96.28,296.57,aves,aves,na,na
1,Pagodroma nivea,Macronectes giganteus,268,3591.69,aves,aves,na,na
1,Anthus rubescens,Falco peregrinus,20.68,759.95,aves,aves,na,na
1,Zenaida macroura,Falco columbarius,118.93,188.5,aves,aves,na,na
1,Xantusia riversiana,Falco sparverius,16.01889724,114.61,reptilia,aves,na,na
1,Thomomys mazama,Pituophis melanoleucus,84,315.2912209,mammals,reptilia,na,na
1,Oreoscoptes montanus,Lynx rufus,44.2,7647.05,aves,mammals,na,na
1,Odocoileus virginianus,Homo sapiens,65254.28,58620.315,mammals,mammals,na,na
1,Aratinga nana,Falco femoralis,76.9,335.76,aves,aves,na,na
1,Microtus pennsylvanicus,Tyto alba,39.625,403.32,mammals,aves,na,na
1,Sciurus carolinensis,Neovison vison,526.25,1150,mammals,mammals,na,na
1,Pseudochirops archeri,Canis lupus,1120.75,33591.665,mammals,mammals,na,na
1,Riparia riparia,Accipiter cooperii,13.64604348,429.67,aves,aves,na,na
1,Picoides pubescens,Accipiter cooperii,25.55,429.67,aves,aves,na,na
1,Thomomys talpoides,Corvus corax,117.54,927.97,mammals,aves,na,na
1,Anas platyrhynchos,Anas platyrhynchos,843.42,843.42,aves,aves,na,na
1,Lampropeltis californiae,Lampropeltis californiae,231.7670878,231.7670878,reptilia,reptilia,na,na
1,Gopherus agassizii,Corvus corax,2851.702285,927.97,reptilia,aves,na,na
1,Passer domesticus,Accipiter striatus,26.51,130.59,aves,aves,na,na
1,Mus musculus,Buteo regalis,17.775,1437.18,mammals,aves,na,na
1,Sus celebensis,Homo sapiens,54050,58620.315,mammals,mammals,na,na
1,Sternotherus odoratus,Alligator mississippiensis,143.064046,60001.02853,reptilia,reptilia,na,na
1,Peromyscus maniculatus,Lynx rufus,20.69,7647.05,mammals,mammals,na,na
1,Oreoscoptes montanus,Urocyon cinereoargenteus,44.2,3831.86,aves,mammals,na,na
1,Sitta canadensis,Glaucidium gnoma,9.8,61.25,aves,aves,na,na
1,Abrothrix longipilis,Parabuteo unicinctus,38.86,850.28,mammals,aves,na,na
1,Ovis canadensis,Ursus arctos,74622.44,188260.21,mammals,mammals,na,na
1,Plectrophenax nivalis,Asio flammeus,42.2,322.61,aves,aves,na,na
1,Rattus norvegicus,Felis silvestris,310.665,4794.995,mammals,mammals,na,na
1,Aechmophorus occidentalis,Haliaeetus leucocephalus,1136.95,4700.58,aves,aves,na,na
1,Oryzomys palustris,Tyto alba,53.54,403.32,mammals,aves,na,na
1,Somateria mollissima,Stercorarius parasiticus,2060.93,444.31,aves,aves,na,na
1,Glaucomys sabrinus,Strix occidentalis,152,586.37,mammals,aves,na,na
1,Neotoma lepida,Aquila chrysaetos,153.875,4247.97,mammals,aves,na,na
1,Aspidoscelis tigris,Buteo jamaicensis,24.30616205,1101.16,reptilia,aves,na,na
1,Canis lupus,Cathartes aura,33591.665,1518.24,mammals,aves,na,na
1,Lontra provocax,Homo sapiens,7499.99,58620.315,mammals,mammals,na,na
1,Larus hyperboreus,Stercorarius parasiticus,1529.04,444.31,aves,aves,na,na
1,Dicamptodon ensatus,Thamnophis atratus,57.20880952,128.6684147,amphibians,reptilia,na,na
1,Nyctidromus albicollis,Falco femoralis,57.84,335.76,aves,aves,na,na
1,Rana draytonii,Buteo jamaicensis,77.7,1101.16,amphibians,aves,na,na
1,Anas acuta,Falco peregrinus,944.62,759.95,aves,aves,na,na
1,Ovis ammon,Uncia uncia,146500,38333.5,mammals,mammals,na,na
1,Lavia frons,Falco tinnunculus,23.765,183.21,mammals,aves,bat,na
1,Aethia psittacula,Haliaeetus leucocephalus,269.98,4700.58,aves,aves,na,na
1,Rattus norvegicus,Falco sparverius,310.665,114.61,mammals,aves,na,na
1,Ovis aries,Coragyps atratus,42100,1758.195926,mammals,aves,na,na
1,Anthus spinoletta,Falco mexicanus,23.9,713.07,aves,aves,na,na
1,Alcelaphus buselaphus,Crocodylus niloticus,167500.765,104541.5094,mammals,reptilia,na,na
1,Himantopus himantopus,Elaphe dione,176.82,47.32346961,aves,reptilia,na,na
1,Chen canagica,Haliaeetus leucocephalus,2136.49,4700.58,aves,aves,na,na
1,Spermophilus washingtoni,Circus cyaneus,211.25,392.98,mammals,aves,na,na
1,Eleutherodactylus coqui,Todus mexicanus,4.073333333,5.9,amphibians,aves,na,na
1,Oreoscoptes montanus,Buteo swainsoni,44.2,946.61,aves,aves,na,na
1,Melospiza lincolnii,Accipiter striatus,16.6,130.59,aves,aves,na,na
1,Dryomys nitedula,Strix aluco,31.55,472.46,mammals,aves,na,na
1,Campylorhynchus brunneicapillus,Falco mexicanus,38.9,713.07,aves,aves,na,na
1,Synthliboramphus antiquus,Falco peregrinus,217.72,759.95,aves,aves,na,na
1,Spermophilus brunneus,Mustela frenata,300,169,mammals,mammals,na,na
1,Streptopelia turtur,Accipiter gentilis,132,866.04,aves,aves,na,na
1,Polysticta stelleri,Corvus corax,806.76,927.97,aves,aves,na,na
1,Phyllotis darwini,Buteo polyosoma,49.865,782.61,mammals,aves,na,na
1,Pinicola enucleator,Accipiter striatus,56.4,130.59,aves,aves,na,na
1,Sorex minutus,Strix nebulosa,4.32,1061.89,mammals,aves,na,na
1,Cyclura cornuta,Canis lupus,3499.043564,33591.665,reptilia,mammals,na,na
1,Paguma larvata,Panthera pardus,4300,52219.11,mammals,mammals,na,na
1,Eptesicus fuscus,Asio flammeus,16.88,322.61,mammals,aves,bat,na
1,Thomomys talpoides,Tyto alba,117.54,403.32,mammals,aves,na,na
1,Zenaida asiatica,Didelphis virginiana,153,2332.74,aves,mammals,na,na
1,Sciurus niger,Cathartes aura,761.9,1518.24,mammals,aves,na,na
1,Anolis gundlachi,Felis catus,5.802858037,2884.8,reptilia,mammals,na,na
1,Somateria mollissima,Somateria mollissima,2060.93,2060.93,aves,aves,na,na
1,Tyto alba,Strix aluco,403.32,472.46,aves,aves,na,na
1,Procapra gutturosa,Otocolobus manul,27925,3050,mammals,mammals,na,na
1,Spermophilus lateralis,Accipiter gentilis,183,866.04,mammals,aves,na,na
1,Tamias merriami,Accipiter cooperii,74.8,429.67,mammals,aves,na,na
1,Calidris minutilla,Falco columbarius,22.88,188.5,aves,aves,na,na
1,Picoides villosus,Megascops asio,62.65,179.99,aves,aves,na,na
1,Leucosticte atrata,Falco mexicanus,25.24,713.07,aves,aves,na,na
1,Ovis aries,Aquila chrysaetos,42100,4247.97,mammals,aves,na,na
1,Fulica americana,Vulpes vulpes,636.74,5158.085,aves,mammals,na,na
1,Dendroica petechia,Tamiasciurus hudsonicus,10.22,200.585,aves,mammals,na,na
1,Dendroica striata,Buteo brachyurus,11.84,496.01,aves,aves,na,na
1,Tyto alba,Falco peregrinus,403.32,759.95,aves,aves,na,na
1,Arborimus longicaudus,Martes americana,21.8,1066,mammals,mammals,na,na
1,Microtus pennsylvanicus,Buteo regalis,39.625,1437.18,mammals,aves,na,na
1,Storeria dekayi,Buteo platypterus,15.55655134,453.65,reptilia,aves,na,na
1,Oryctolagus cuniculus,Accipiter gentilis,1711.11,866.04,mammals,aves,na,na
1,Reithrodontomys megalotis,Corvus corax,10.035,927.97,mammals,aves,na,na
1,Neotoma lepida,Asio otus,153.875,296.57,mammals,aves,na,na
1,Thomomys bottae,Buteo jamaicensis,118.875,1101.16,mammals,aves,na,na
1,Lynx rufus,Haliaeetus leucocephalus,7647.05,4700.58,mammals,aves,na,na
1,Zonotrichia leucophrys,Buteo swainsoni,28,946.61,aves,aves,na,na
1,Junco hyemalis,Glaucidium gnoma,19.5,61.25,aves,aves,na,na
1,Sciurus griseus,Accipiter gentilis,717.5,866.04,mammals,aves,na,na
1,Falco tinnunculus,Accipiter gentilis,183.21,866.04,aves,aves,na,na
1,Chordeiles minor,Felis silvestris,79.3,4794.995,aves,mammals,na,na
1,Phoebastria nigripes,Homo sapiens,3566.274211,58620.315,aves,mammals,na,na
1,Sigmodon hispidus,Glaucidium brasilianum,101.69,75.1,mammals,aves,na,na
1,Ondatra zibethicus,Agkistrodon piscivorus,1028.875,973.1883289,mammals,reptilia,na,na
1,Bombycilla cedrorum,Falco columbarius,31.58,188.5,aves,aves,na,na
1,Bassariscus astutus,Bubo virginianus,1074.755,1575.7,mammals,aves,na,na
1,Canis latrans,Aquila chrysaetos,12703.165,4247.97,mammals,aves,na,na
1,Peromyscus maniculatus,Megascops asio,20.69,179.99,mammals,aves,na,na
1,Megascops kennicottii,Accipiter gentilis,141.82,866.04,aves,aves,na,na
1,Mazama gouazoupira,Puma concolor,16400,52750.02,mammals,mammals,na,na
1,Dipodomys heermanni,Bubo virginianus,67.6,1575.7,mammals,aves,na,na
1,Mustela erminea,Accipiter gentilis,201.69,866.04,mammals,aves,na,na
1,Sylvilagus audubonii,Tyto alba,886.315,403.32,mammals,aves,na,na
1,Clethrionomys glareolus,Mustela nivalis,20.7,91.89,mammals,mammals,na,na
1,Charadrius vociferus,Falco columbarius,96.44,188.5,aves,aves,na,na
1,Sphyrapicus thyroideus,Accipiter striatus,47.6,130.59,aves,aves,na,na
1,Rattus lutreolus,Canis lupus,106,33591.665,mammals,mammals,na,na
1,Didelphis virginiana,Haliaeetus leucocephalus,2332.74,4700.58,mammals,aves,na,na
1,Podilymbus podiceps,Agkistrodon piscivorus,411.93,973.1883289,aves,reptilia,na,na
1,Eremophila alpestris,Buteo jamaicensis,33.33,1101.16,aves,aves,na,na
1,Sturnella neglecta,Tyto alba,100.06,403.32,aves,aves,na,na
1,Sturnus vulgaris,Lanius excubitor,77.14,63.41,aves,aves,na,na
1,Marmota broweri,Ursus arctos,3405,188260.21,mammals,mammals,na,na
1,Rana boylii,Butorides virescens,22,201.5,amphibians,aves,na,na
1,Bonasa umbellus,Buteo platypterus,530.91,453.65,aves,aves,na,na
1,Opheodrys aestivus,Buteo lineatus,66.41762258,603.72,reptilia,aves,na,na
1,Larus californicus,Haliaeetus leucocephalus,683.39,4700.58,aves,aves,na,na
1,Microtus californicus,Bubo virginianus,57.41,1575.7,mammals,aves,na,na
1,Molothrus ater,Buteo platypterus,42.02651747,453.65,aves,aves,na,na
1,Arborimus longicaudus,Martes pennanti,21.8,3875,mammals,mammals,na,na
1,Loxodonta africana,Crocuta crocuta,3940017.14,65246.03,mammals,mammals,na,na
1,Dipodomys ordii,Asio flammeus,55.4,322.61,mammals,aves,na,na
1,Neotoma cinerea,Strix occidentalis,292.575,586.37,mammals,aves,na,na
1,Synthliboramphus antiquus,Synthliboramphus antiquus,217.72,217.72,aves,aves,na,na
1,Microtus pinetorum,Asio flammeus,26.14,322.61,mammals,aves,na,na
1,Vireo altiloquus,Buteo jamaicensis,18.97,1101.16,aves,aves,na,na
1,Ambystoma texanum,Asio otus,10.98,296.57,amphibians,aves,na,na
1,Ondatra zibethicus,Accipiter cooperii,1028.875,429.67,mammals,aves,na,na
1,Thamnophis sirtalis,Buteo platypterus,287.1256415,453.65,reptilia,aves,na,na
1,Spizella passerina,Falco columbarius,12.2,188.5,aves,aves,na,na
1,Sorex araneus,Vulpes vulpes,9.415,5158.085,mammals,mammals,na,na
1,Lepus californicus,Falco mexicanus,2421.24,713.07,mammals,aves,na,na
1,Megaderma lyra,Felis silvestris,42.22,4794.995,mammals,mammals,bat,na
1,Storeria dekayi,Asio otus,15.55655134,296.57,reptilia,aves,na,na
1,Columba livia,Circus approximans,354.2,746.19,aves,aves,na,na
1,Anas platyrhynchos,Canis latrans,843.42,12703.165,aves,mammals,na,na
1,Plethodon cinereus,Gyrinophilus porphyriticus,32.90421875,17.69883333,amphibians,amphibians,na,na
1,Rana temporaria,Accipiter gentilis,42.09890217,866.04,amphibians,aves,na,na
1,Sturnella magna,Buteo brachyurus,91.76,496.01,aves,aves,na,na
1,Synaptomys cooperi,Asio otus,29.96,296.57,mammals,aves,na,na
1,Mustela frenata,Buteo platypterus,169,453.65,mammals,aves,na,na
1,Ovis ammon,Homo sapiens,146500,58620.315,mammals,mammals,na,na
1,Arvicola amphibius,Strix nebulosa,120,1061.89,mammals,aves,na,na
1,Eidolon helvum,Homo sapiens,252.655,58620.315,mammals,mammals,bat,na
1,Papio papio,Hyaena hyaena,18026.05,38402.555,mammals,mammals,na,na
1,Pica pica,Haliaeetus leucocephalus,217.48,4700.58,aves,aves,na,na
1,Charadrius semipalmatus,Buteo lagopus,46.74,949.76,aves,aves,na,na
1,Thylogale stigmatica,Canis lupus,4570,33591.665,mammals,mammals,na,na
1,Calcarius ornatus,Falco femoralis,20.3,335.76,aves,aves,na,na
1,Rattus exulans,Tyto alba,48.955,403.32,mammals,aves,na,na
1,Sorex fumeus,Strix varia,7.71,711.49,mammals,aves,na,na
1,Chen caerulescens,Haliaeetus leucocephalus,2636.15,4700.58,aves,aves,na,na
1,Alces alces,Ursus arctos,418999.08,188260.21,mammals,mammals,na,na
1,Neotoma cinerea,Accipiter cooperii,292.575,429.67,mammals,aves,na,na
1,Rhinella icterica,Erythrolamprus miliaris,120.15,44.73965579,amphibians,reptilia,na,na
1,Tamias merriami,Lynx rufus,74.8,7647.05,mammals,mammals,na,na
1,Colinus virginianus,Falco femoralis,177.6874419,335.76,aves,aves,na,na
1,Mephitis mephitis,Cathartes aura,2242.51,1518.24,mammals,aves,na,na
1,Elgaria multicarinata,Bubo virginianus,39.33958162,1575.7,reptilia,aves,na,na
1,Bombycilla cedrorum,Aegolius acadicus,31.58,100.69,aves,aves,na,na
1,Clangula hyemalis,Larus argentatus,871,1090.99,aves,aves,na,na
1,Cepphus grylle,Haliaeetus leucocephalus,378,4700.58,aves,aves,na,na
1,Myodes gapperi,Strix varia,19.83,711.49,mammals,aves,na,na
1,Thomomys talpoides,Accipiter striatus,117.54,130.59,mammals,aves,na,na
1,Gallus gallus,Buteo jamaicensis,751.72,1101.16,aves,aves,na,na
1,Haematopus bachmani,Falco peregrinus,591.307097,759.95,aves,aves,na,na
1,Aphelocoma californica,Buteo jamaicensis,85.74,1101.16,aves,aves,na,na
1,Podilymbus podiceps,Python molurus,411.93,24741.97203,aves,reptilia,na,na
1,Neotoma lepida,Canis latrans,153.875,12703.165,mammals,mammals,na,na
1,Buteo lineatus,Bubo virginianus,603.72,1575.7,aves,aves,na,na
1,Perisoreus canadensis,Surnia ulula,71.58,319.9,aves,aves,na,na
1,Neotoma cinerea,Asio otus,292.575,296.57,mammals,aves,na,na
1,Alle alle,Larus argentatus,180.73,1090.99,aves,aves,na,na
1,Microtus longicaudus,Mustela frenata,45.755,169,mammals,mammals,na,na
1,Sylvilagus floridanus,Vulpes vulpes,1191.395,5158.085,mammals,mammals,na,na
1,Fulica americana,Aquila chrysaetos,636.74,4247.97,aves,aves,na,na
1,Scalopus aquaticus,Tyto alba,88.93,403.32,mammals,aves,na,na
1,Pseudemys nelsoni,Haliaeetus leucocephalus,1720.476423,4700.58,reptilia,aves,na,na
1,Perognathus inornatus,Tyto alba,10.54,403.32,mammals,aves,na,na
1,Anolis evermanni,Turdus plumbeus,5.197487098,75.3,reptilia,aves,na,na
1,Hippopotamus amphibius,Panthera leo,1468744.995,160249.53,mammals,mammals,na,na
1,Toxostoma lecontei,Falco mexicanus,61.9,713.07,aves,aves,na,na
1,Pooecetes gramineus,Accipiter striatus,25.68,130.59,aves,aves,na,na
1,Amazilia tzacatl,Felis silvestris,4.79,4794.995,aves,mammals,na,na
1,Cardinalis cardinalis,Buteo platypterus,42.64,453.65,aves,aves,na,na
1,Tamias alpinus,Vulpes vulpes,36.525,5158.085,mammals,mammals,na,na
1,Gastrophryne carolinensis,Lanius ludovicianus,2.27,51.59,amphibians,aves,na,na
1,Condylura cristata,Asio otus,65.55,296.57,mammals,aves,na,na
1,Euphonia musica,Buteo jamaicensis,14.66,1101.16,aves,aves,na,na
1,Lepus californicus,Corvus corax,2421.24,927.97,mammals,aves,na,na
1,Turdus merula,Corvus corone,88.93622727,570,aves,aves,na,na
1,Egretta thula,Corvus ossifragus,371,284.6,aves,aves,na,na
1,Abrothrix longipilis,Athene cunicularia,38.86,150.61,mammals,aves,na,na
1,Podiceps auritus,Falco peregrinus,453,759.95,aves,aves,na,na
1,Microtus pennsylvanicus,Glaucidium gnoma,39.625,61.25,mammals,aves,na,na
1,Lampropeltis getula,Aquila chrysaetos,254.5022718,4247.97,reptilia,aves,na,na
1,Salamandra infraimmaculata,Natrix tessellata,92.89833333,105.1647972,amphibians,reptilia,na,na
1,Dipodomys californicus,Urocyon cinereoargenteus,84.98,3831.86,mammals,mammals,na,na
1,Mustela frenata,Canis latrans,169,12703.165,mammals,mammals,na,na
1,Condylura cristata,Strix nebulosa,65.55,1061.89,mammals,aves,na,na
1,Lacerta agilis,Accipiter brevipes,11.8083721,186.48,reptilia,aves,na,na
1,Nyctinomops laticaudatus,Tyto alba,12.61,403.32,mammals,aves,bat,na
1,Aeronautes saxatalis,Falco mexicanus,32.1,713.07,aves,aves,na,na
1,Anolis evermanni,Margarops fuscatus,5.197487098,98.43,reptilia,aves,na,na
1,Pica pica,Bubo virginianus,217.48,1575.7,aves,aves,na,na
1,Opheodrys vernalis,Buteo platypterus,29.21159816,453.65,reptilia,aves,na,na
1,Hylobates klossii,Panthera pardus,5825,52219.11,mammals,mammals,na,na
1,Bison bison,Ursus arctos,599627.64,188260.21,mammals,mammals,na,na
1,Rattus rattus,Tyto alba,186.065,403.32,mammals,aves,na,na
1,Anolis gundlachi,Eleutherodactylus coqui,5.802858037,4.073333333,reptilia,amphibians,na,na
1,Sylvilagus palustris,Haliaeetus leucocephalus,1430,4700.58,mammals,aves,na,na
1,Anolis gundlachi,Anolis evermanni,5.802858037,5.197487098,reptilia,reptilia,na,na
1,Miopithecus talapoin,Varanus niloticus,1250,4312.601324,mammals,reptilia,na,na
1,Lepus americanus,Haliaeetus leucocephalus,1640.01,4700.58,mammals,aves,na,na
1,Rattus rattus,Buteo jamaicensis,186.065,1101.16,mammals,aves,na,na
1,Dendrocopos major,Accipiter nisus,74.94,220.79,aves,aves,na,na
1,Patagioenas fasciata,Buteo jamaicensis,366.3,1101.16,aves,aves,na,na
1,Anolis evermanni,Megascops nudipes,5.197487098,137.34,reptilia,aves,na,na
1,Sorex vagrans,Asio flammeus,5.89,322.61,mammals,aves,na,na
1,Felis catus,Buteo jamaicensis,2884.8,1101.16,mammals,aves,na,na
1,Gallinago gallinago,Haliaeetus leucocephalus,112.94,4700.58,aves,aves,na,na
1,Microtus ochrogaster,Tyto alba,40.255,403.32,mammals,aves,na,na
1,Odocoileus virginianus,Cathartes aura,65254.28,1518.24,mammals,aves,na,na
1,Columba livia,Accipiter cooperii,354.2,429.67,aves,aves,na,na
1,Anolis gundlachi,Anolis cuvieri,5.802858037,46.523015,reptilia,reptilia,na,na
1,Thomomys talpoides,Falco mexicanus,117.54,713.07,mammals,aves,na,na
1,Anolis stratulus,Melanerpes portoricensis,2.261662579,59.86,reptilia,aves,na,na
1,Myodes glareolus,Strix nebulosa,20.73,1061.89,mammals,aves,na,na
1,Vireo altiloquus,Accipiter striatus,18.97,130.59,aves,aves,na,na
1,Gallinula chloropus,Python molurus,339.63,24741.97203,aves,reptilia,na,na
1,Mycteria americana,Python molurus,2554.47,24741.97203,aves,reptilia,na,na
1,Pluvialis dominica,Buteo lagopus,151.47,949.76,aves,aves,na,na
1,Anas americana,Circus cyaneus,754.61,392.98,aves,aves,na,na
1,Amazilia tzacatl,Quiscalus mexicanus,4.79,160.47,aves,aves,na,na
1,Certhia familiaris,Falco columbarius,9,188.5,aves,aves,na,na
1,Aepyceros melampus,Necrosyrtes monachus,52400.04,2043,mammals,aves,na,na
1,Gallinula chloropus,Agkistrodon piscivorus,339.63,973.1883289,aves,reptilia,na,na
1,Passerella iliaca,Buteo platypterus,33.25,453.65,aves,aves,na,na
1,Corvus caurinus,Circus cyaneus,390.79,392.98,aves,aves,na,na
1,Egretta thula,Caiman crocodilus,371,15888.10568,aves,reptilia,na,na
1,Microtus townsendii,Bubo virginianus,58.425,1575.7,mammals,aves,na,na
1,Myotis grisescens,Urocyon cinereoargenteus,10.67,3831.86,mammals,mammals,bat,na
1,Reithrodontomys megalotis,Megascops kennicottii,10.035,141.82,mammals,aves,na,na
1,Napaeozapus insignis,Buteo platypterus,22.25,453.65,mammals,aves,na,na
1,Meleagris gallopavo,Accipiter cooperii,5791.37,429.67,aves,aves,na,na
1,Anas americana,Larus californicus,754.61,683.39,aves,aves,na,na
1,Rattus norvegicus,Asio otus,310.665,296.57,mammals,aves,na,na
1,Ondatra zibethicus,Ardea herodias,1028.875,2523.41,mammals,aves,na,na
1,Turdus migratorius,Buteo lagopus,79.98562144,949.76,aves,aves,na,na
1,Zenaida macroura,Bubo virginianus,118.93,1575.7,aves,aves,na,na
1,Plestiodon obsoletus,Buteo platypterus,29.54518014,453.65,reptilia,aves,na,na
1,Dendrolagus scottae,Homo sapiens,10187.5,58620.315,mammals,mammals,na,na
1,Anas cyanoptera,Felis silvestris,398.261645,4794.995,aves,mammals,na,na
1,Lithobates catesbeianus,Buteo platypterus,312.7083338,453.65,amphibians,aves,na,na
1,Procolobus verus,Homo sapiens,3990,58620.315,mammals,mammals,na,na
1,Scelorchilus albicollis,Falco femoralis,47.28,335.76,aves,aves,na,na
1,Sturnella neglecta,Accipiter gentilis,100.06,866.04,aves,aves,na,na
1,Himantopus mexicanus,Haliaeetus leucocephalus,176.82,4700.58,aves,aves,na,na
1,Peromyscus maniculatus,Strix varia,20.69,711.49,mammals,aves,na,na
1,Sylvilagus floridanus,Bubo virginianus,1191.395,1575.7,mammals,aves,na,na
1,Scincella lateralis,Glaucidium brasilianum,1.824152301,75.1,reptilia,aves,na,na
1,Egretta thula,Alligator mississippiensis,371,60001.02853,aves,reptilia,na,na
1,Redunca arundinum,Panthera leo,57850.135,160249.53,mammals,mammals,na,na
1,Egretta rufescens,Haliaeetus leucocephalus,614,4700.58,aves,aves,na,na
1,Mustela erminea,Buteo lagopus,201.69,949.76,mammals,aves,na,na
1,Microcavia australis,Galictis cuja,273.55,1000,mammals,mammals,na,na
1,Corvus caurinus,Accipiter gentilis,390.79,866.04,aves,aves,na,na
1,Oligoryzomys longicaudatus,Buteo polyosoma,27.3,782.61,mammals,aves,na,na
1,Vanellus armatus,Falco peregrinus,156,759.95,aves,aves,na,na
1,Peromyscus leucopus,Bubo virginianus,19.635,1575.7,mammals,aves,na,na
1,Fratercula cirrhata,Larus glaucescens,774.37,1056.54,aves,aves,na,na
1,Colaptes auratus,Procyon lotor,131.46,5947.485,aves,mammals,na,na
1,Scalopus aquaticus,Agkistrodon contortrix,88.93,400.4694576,mammals,reptilia,na,na
1,Sorex cinereus,Asio flammeus,4.4,322.61,mammals,aves,na,na
1,Cathartes aura,Aquila chrysaetos,1518.24,4247.97,aves,aves,na,na
1,Thomomys bottae,Aquila chrysaetos,118.875,4247.97,mammals,aves,na,na
1,Peromyscus aztecus,Mustela frenata,37,169,mammals,mammals,na,na
1,Limnodromus scolopaceus,Falco peregrinus,104.4,759.95,aves,aves,na,na
1,Anaxyrus woodhousii,Thamnophis sirtalis,10.2,287.1256415,amphibians,reptilia,na,na
1,Euphagus cyanocephalus,Bubo virginianus,62.48,1575.7,aves,aves,na,na
1,Zenaida asiatica,Accipiter striatus,153,130.59,aves,aves,na,na
1,Sturnella magna,Falco sparverius,91.76,114.61,aves,aves,na,na
1,Sciurus griseus,Aquila chrysaetos,717.5,4247.97,mammals,aves,na,na
1,Bassariscus astutus,Canis latrans,1074.755,12703.165,mammals,mammals,na,na
1,Gazella gazella,Vulpes vulpes,21974.965,5158.085,mammals,mammals,na,na
1,Procyon lotor,Canis lupus,5947.485,33591.665,mammals,mammals,na,na
1,Anolis gundlachi,Myiarchus antillarum,5.802858037,23.4,reptilia,aves,na,na
1,Microtus ochrogaster,Buteo jamaicensis,40.255,1101.16,mammals,aves,na,na
1,Colaptes auratus,Asio flammeus,131.46,322.61,aves,aves,na,na
1,Ovis aries,Buteo buteo,42100,864.34,mammals,aves,na,na
1,Plestiodon fasciatus,Falco sparverius,6.745333421,114.61,reptilia,aves,na,na
1,Colaptes auratus,Bubo virginianus,131.46,1575.7,aves,aves,na,na
1,Eudyptes chrysolophus,Macronectes giganteus,4485.08,3591.69,aves,aves,flb,na
1,Blastocerus dichotomus,Chrysocyon brachyurus,98833.125,23274.92,mammals,mammals,na,na
1,Dendroica petechia,Vulpes vulpes,10.22,5158.085,aves,mammals,na,na
1,Phyllotis darwini,Parabuteo unicinctus,49.865,850.28,mammals,aves,na,na
1,Plectrophenax nivalis,Bubo virginianus,42.2,1575.7,aves,aves,na,na
1,Phalacrocorax pelagicus,Falco peregrinus,1843.95,759.95,aves,aves,na,na
1,Caretta caretta,Vulpes vulpes,48031.4884,5158.085,reptilia,mammals,na,na
1,Hemidactylus turcicus,Pantherophis alleghaniensis,2.75922398,410.588429,reptilia,reptilia,na,na
1,Anas acuta,Accipiter gentilis,944.62,866.04,aves,aves,na,na
1,Anolis evermanni,Buteo jamaicensis,5.197487098,1101.16,reptilia,aves,na,na
1,Microtus longicaudus,Strix varia,45.755,711.49,mammals,aves,na,na
1,Callipepla californica,Aquila chrysaetos,165.7,4247.97,aves,aves,na,na
1,Cyanocitta cristata,Accipiter gentilis,88,866.04,aves,aves,na,na
1,Chordeiles minor,Canis latrans,79.3,12703.165,aves,mammals,na,na
1,Chaetodipus nelsoni,Bubo virginianus,15.525,1575.7,mammals,aves,na,na
1,Anguis fragilis,Coronella girondica,23.72715837,28.37342697,reptilia,reptilia,na,na
1,Anolis gundlachi,Icterus dominicensis,5.802858037,35.74,reptilia,aves,na,na
1,Otocyon megalotis,Polemaetus bellicosus,4075.01,3964.54,mammals,aves,na,na
1,Passer domesticus,Falco sparverius,26.51,114.61,aves,aves,na,na
1,Gambelia wislizenii,Buteo jamaicensis,39.07835863,1101.16,reptilia,aves,na,na
1,Tamias merriami,Crotalus viridis,74.8,679.1396015,mammals,reptilia,na,na
1,Microtus xanthognathus,Mustela nivalis,109.225,91.89,mammals,mammals,na,na
1,Anas discors,Python molurus,359.6889018,24741.97203,aves,reptilia,na,na
1,Paleosuchus trigonatus,Nasua nasua,10460.37453,3791.925,reptilia,mammals,na,na
1,Callipepla squamata,Aquila chrysaetos,183.86,4247.97,aves,aves,na,na
1,Anas acuta,Vulpes vulpes,944.62,5158.085,aves,mammals,na,na
1,Myotis lucifugus,Falco columbarius,7.71,188.5,mammals,aves,bat,na
1,Synthliboramphus antiquus,Larus glaucescens,217.72,1056.54,aves,aves,na,na
1,Regulus satrapa,Accipiter striatus,6.19,130.59,aves,aves,na,na
1,Crateromys schadenbergi,Homo sapiens,1050,58620.315,mammals,mammals,na,na
1,Anthus spinoletta,Falco columbarius,23.9,188.5,aves,aves,na,na
1,Chrysocyon brachyurus,Chrysocyon brachyurus,23274.92,23274.92,mammals,mammals,na,na
1,Scalopus aquaticus,Accipiter cooperii,88.93,429.67,mammals,aves,na,na
1,Sorex fumeus,Tyto alba,7.71,403.32,mammals,aves,na,na
1,Lampropholis delicata,Todiramphus sanctus,1.476506005,42.34307692,reptilia,aves,na,na
1,Marmota monax,Haliaeetus leucocephalus,3840.86,4700.58,mammals,aves,na,na
1,Ammospermophilus leucurus,Buteo regalis,103.835,1437.18,mammals,aves,na,na
1,Anolis stratulus,Anolis evermanni,2.261662579,5.197487098,reptilia,reptilia,na,na
1,Zenaida macroura,Haliaeetus leucocephalus,118.93,4700.58,aves,aves,na,na
1,Scalopus aquaticus,Strix varia,88.93,711.49,mammals,aves,na,na
1,Anolis evermanni,Myiarchus antillarum,5.197487098,23.4,reptilia,aves,na,na
1,Microtus montanus,Ursus arctos,39.615,188260.21,mammals,mammals,na,na
1,Plestiodon elegans,Psammodynastes pulverulentus,11.59888392,30.4521174,reptilia,reptilia,na,na
1,Columba oenas,Accipiter gentilis,290.79,866.04,aves,aves,na,na
1,Papio hamadryas,Aquila verreauxii,19075.025,4195,mammals,aves,na,na
1,Ondatra zibethicus,Corvus corax,1028.875,927.97,mammals,aves,na,na
1,Lemmiscus curtatus,Asio flammeus,28.285,322.61,mammals,aves,na,na
1,Tatera indica,Canis aureus,152.155,10012.615,mammals,mammals,na,na
1,Coluber constrictor,Buteo regalis,208.8797407,1437.18,reptilia,aves,na,na
1,Eleutherodactylus coqui,Myiarchus antillarum,4.073333333,23.4,amphibians,aves,na,na
1,Mustela nivalis,Tyto alba,91.89,403.32,mammals,aves,na,na
1,Corvus caurinus,Tyto alba,390.79,403.32,aves,aves,na,na
1,Spermophilus columbianus,Buteo jamaicensis,482,1101.16,mammals,aves,na,na
1,Iguana iguana,Eunectes murinus,1864.475555,64263.04324,reptilia,reptilia,na,na
1,Sorex isodon,Strix nebulosa,10.675,1061.89,mammals,aves,na,na
1,Zapus princeps,Vulpes vulpes,28.1,5158.085,mammals,mammals,na,na
1,Cardinalis cardinalis,Falco sparverius,42.64,114.61,aves,aves,na,na
1,Abrocoma bennettii,Parabuteo unicinctus,250.75,850.28,mammals,aves,na,na
1,Passer domesticus,Falco mexicanus,26.51,713.07,aves,aves,na,na
1,Procolobus verus,Pan troglodytes,3990,43800,mammals,mammals,na,na
1,Sylvilagus nuttallii,Circus cyaneus,780.045,392.98,mammals,aves,na,na
1,Tamias striatus,Asio otus,111.91,296.57,mammals,aves,na,na
1,Setophaga ruticilla,Accipiter striatus,8.24,130.59,aves,aves,na,na
1,Pseudacris regilla,Fulica americana,5.6,636.74,amphibians,aves,na,na
1,Thomomys talpoides,Asio flammeus,117.54,322.61,mammals,aves,na,na
1,Aix sponsa,Urocyon cinereoargenteus,657.59,3831.86,aves,mammals,na,na
1,Procapra gutturosa,Vulpes vulpes,27925,5158.085,mammals,mammals,na,na
1,Neotoma micropus,Tyto alba,246.25,403.32,mammals,aves,na,na
1,Cerorhinca monocerata,Haliaeetus leucocephalus,482.24,4700.58,aves,aves,na,na
1,Thomomys bottae,Tyto alba,118.875,403.32,mammals,aves,na,na
1,Colobus satanas,Panthera pardus,6734.98,52219.11,mammals,mammals,na,na
1,Heterodon platirhinos,Coluber constrictor,91.67801524,208.8797407,reptilia,reptilia,na,na
1,Zapus hudsonius,Asio flammeus,17.76,322.61,mammals,aves,na,na
1,Crotaphytus collaris,Buteo albonotatus,31.90646838,745.92,reptilia,aves,na,na
1,Asio otus,Asio otus,296.57,296.57,aves,aves,na,na
1,Neofiber alleni,Tyto alba,265.5,403.32,mammals,aves,na,na
1,Odocoileus hemionus,Ursus americanus,69006.285,105474.68,mammals,mammals,na,na
1,Microtus californicus,Asio flammeus,57.41,322.61,mammals,aves,na,na
1,Tarentola mauritanica,Coronella girondica,7.656744024,28.37342697,reptilia,reptilia,na,na
1,Scolopax minor,Accipiter cooperii,196.32,429.67,aves,aves,na,na
1,Carduelis pinus,Lanius excubitor,12.7,63.41,aves,aves,na,na
1,Nyctinomops laticaudatus,Falco sparverius,12.61,114.61,mammals,aves,bat,na
1,Cyanocitta cristata,Buteo jamaicensis,88,1101.16,aves,aves,na,na
1,Thomomys bottae,Ardea herodias,118.875,2523.41,mammals,aves,na,na
1,Sphyrapicus varius,Accipiter gentilis,50.3,866.04,aves,aves,na,na
1,Tyrannus verticalis,Accipiter striatus,39.6,130.59,aves,aves,na,na
1,Tamias townsendii,Accipiter gentilis,76.94,866.04,mammals,aves,na,na
1,Melanerpes aurifrons,Falco femoralis,80.77,335.76,aves,aves,na,na
1,Ammodorcas clarkei,Panthera leo,28024.905,160249.53,mammals,mammals,na,na
1,Larus californicus,Lontra canadensis,683.39,8088.71,aves,mammals,na,na
1,Redunca arundinum,Leptailurus serval,57850.135,11899.985,mammals,mammals,na,na
1,Anas platyrhynchos,Accipiter cooperii,843.42,429.67,aves,aves,na,na
1,Mazama gouazoupira,Panthera onca,16400,92450,mammals,mammals,na,na
1,Anas acuta,Taxidea taxus,944.62,7473.775,aves,mammals,na,na
1,Hylocichla mustelina,Accipiter cooperii,50.09,429.67,aves,aves,na,na
1,Abrothrix olivaceus,Tyto alba,24.52,403.32,mammals,aves,na,na
1,Sceloporus grammicus,Accipiter cooperii,7.385230749,429.67,reptilia,aves,na,na
1,Zonotrichia albicollis,Tyto alba,24.4,403.32,aves,aves,na,na
1,Microtus montanus,Buteo lagopus,39.615,949.76,mammals,aves,na,na
1,Aix sponsa,Bubo virginianus,657.59,1575.7,aves,aves,na,na
1,Octodon degus,Elanus leucurus,206.5,346,mammals,aves,na,na
1,Tyrannus verticalis,Buteo jamaicensis,39.6,1101.16,aves,aves,na,na
1,Rangifer tarandus,Canis lupus,97016.99,33591.665,mammals,mammals,na,na
1,Anas platyrhynchos,Aquila chrysaetos,843.42,4247.97,aves,aves,na,na
1,Troglodytes troglodytes,Accipiter striatus,9.74,130.59,aves,aves,na,na
1,Ovis canadensis,Ovis canadensis,74622.44,74622.44,mammals,mammals,na,na
1,Ctenomys conoveri,Bubo virginianus,860,1575.7,mammals,aves,na,na
1,Melanerpes formicivorus,Buteo albonotatus,79.62,745.92,aves,aves,na,na
1,Diadophis punctatus,Sus scrofa,47.81807872,90309.045,reptilia,mammals,na,na
1,Phalacrocorax harrisi,Amblyrhynchus cristatus,3016.62,2002.51452,aves,reptilia,flb,na
1,Tringa melanoleuca,Haliaeetus leucocephalus,161.74,4700.58,aves,aves,na,na
1,Euphagus cyanocephalus,Falco mexicanus,62.48,713.07,aves,aves,na,na
1,Melanitta perspicillata,Haliaeetus leucocephalus,1096.33,4700.58,aves,aves,na,na
1,Microtus pennsylvanicus,Surnia ulula,39.625,319.9,mammals,aves,na,na
1,Eleutherodactylus portoricensis,Vireo latimeri,3.7,12,amphibians,aves,na,na
1,Athene noctua,Accipiter gentilis,168.92,866.04,aves,aves,na,na
1,Aythya americana,Larus californicus,1075.69,683.39,aves,aves,na,na
1,Gallinula chloropus,Urocyon cinereoargenteus,339.63,3831.86,aves,mammals,na,na
1,Microcavia australis,Lyncodon patagonicus,273.55,225,mammals,mammals,na,na
1,Sorex araneus,Mustela erminea,9.415,201.69,mammals,mammals,na,na
1,Cervus elaphus,Canis lupus,202507.925,33591.665,mammals,mammals,na,na
1,Octodon degus,Athene cunicularia,206.5,150.61,mammals,aves,na,na
1,Melanerpes formicivorus,Accipiter cooperii,79.62,429.67,aves,aves,na,na
1,Bos taurus,Panthera leo,756500,160249.53,mammals,mammals,na,na
1,Histrionicus histrionicus,Haliaeetus leucocephalus,561.57,4700.58,aves,aves,na,na
1,Plestiodon brevirostris,Buteo jamaicensis,3.7748194,1101.16,reptilia,aves,na,na
1,Sturnella neglecta,Asio flammeus,100.06,322.61,aves,aves,na,na
1,Bubo virginianus,Aquila chrysaetos,1575.7,4247.97,aves,aves,na,na
1,Thamnophis rufipunctatus,Buteogallus anthracinus,147.5968662,975.09,reptilia,aves,na,na
1,Sceloporus occidentalis,Geococcyx californianus,13.49958843,291.6055556,reptilia,aves,na,na
1,Cynomys ludovicianus,Aquila chrysaetos,1080.5,4247.97,mammals,aves,na,na
1,Cynomys leucurus,Buteo jamaicensis,936.245,1101.16,mammals,aves,na,na
1,Microtus xanthognathus,Buteo lagopus,109.225,949.76,mammals,aves,na,na
1,Anas fulvigula,Mephitis mephitis,843.42,2242.51,aves,mammals,na,na
1,Thomomys talpoides,Buteo regalis,117.54,1437.18,mammals,aves,na,na
1,Tamias amoenus,Strix nebulosa,50.6,1061.89,mammals,aves,na,na
1,Blarina brevicauda,Accipiter gentilis,23.2,866.04,mammals,aves,na,na
1,Sceloporus occidentalis,Bubo virginianus,13.49958843,1575.7,reptilia,aves,na,na
1,Aegolius acadicus,Accipiter cooperii,100.69,429.67,aves,aves,na,na
1,Salpinctes obsoletus,Falco mexicanus,16.37,713.07,aves,aves,na,na
1,Arvicola amphibius,Buteo buteo,120,864.34,mammals,aves,na,na
1,Pseudacris regilla,Buteo jamaicensis,5.6,1101.16,amphibians,aves,na,na
1,Junco hyemalis,Accipiter striatus,19.5,130.59,aves,aves,na,na
1,Dipodomys ordii,Bubo virginianus,55.4,1575.7,mammals,aves,na,na
1,Thomomys talpoides,Buteo jamaicensis,117.54,1101.16,mammals,aves,na,na
1,Panthera pardus,Canis lupus,52219.11,33591.665,mammals,mammals,na,na
1,Litocranius walleri,Leptailurus serval,38249.845,11899.985,mammals,mammals,na,na
1,Pipilo maculatus,Accipiter cooperii,39.28,429.67,aves,aves,na,na
1,Elaphodus cephalophus,Cuon alpinus,28250,15036.665,mammals,mammals,na,na
1,Callipepla californica,Bubo virginianus,165.7,1575.7,aves,aves,na,na
1,Sylvilagus floridanus,Buteo platypterus,1191.395,453.65,mammals,aves,na,na
1,Accipiter gentilis,Accipiter gentilis,866.04,866.04,aves,aves,na,na
1,Peromyscus gossypinus,Lynx rufus,28.545,7647.05,mammals,mammals,na,na
1,Equus caballus,Haliaeetus leucocephalus,325000,4700.58,mammals,aves,na,na
1,Puma concolor,Canis lupus,52750.02,33591.665,mammals,mammals,na,na
1,Sorex vagrans,Megascops kennicottii,5.89,141.82,mammals,aves,na,na
1,Sitta canadensis,Accipiter striatus,9.8,130.59,aves,aves,na,na
1,Pica hudsonia,Buteo swainsoni,177.12,946.61,aves,aves,na,na
1,Sus scrofa,Caracara cheriway,90309.045,1078.62,mammals,aves,na,na
1,Melomys cervinipes,Canis lupus,74.6,33591.665,mammals,mammals,na,na
1,Nasalis larvatus,Panthera pardus,10650,52219.11,mammals,mammals,na,na
1,Thomomys mazama,Lynx rufus,84,7647.05,mammals,mammals,na,na
1,Diadophis punctatus,Lithobates catesbeianus,47.81807872,312.7083338,reptilia,amphibians,na,na
1,Colaptes auratus,Aquila chrysaetos,131.46,4247.97,aves,aves,na,na
1,Ursus americanus,Homo sapiens,105474.68,58620.315,mammals,mammals,na,na
1,Sialia sialis,Accipiter gentilis,27.5,866.04,aves,aves,na,na
1,Myodes gapperi,Buteo jamaicensis,19.83,1101.16,mammals,aves,na,na
1,Phalaropus lobatus,Falco rusticolus,36.68,1431.72,aves,aves,na,na
1,Sylvilagus nuttallii,Accipiter gentilis,780.045,866.04,mammals,aves,na,na
1,Microdipodops megacephalus,Bubo virginianus,11.375,1575.7,mammals,aves,na,na
1,Zenaida macroura,Asio otus,118.93,296.57,aves,aves,na,na
1,Pica nuttalli,Accipiter gentilis,158.29,866.04,aves,aves,na,na
1,Phalanger orientalis,Morelia spilota,2084.375,5288.43927,mammals,reptilia,na,na
1,Peromyscus leucopus,Asio otus,19.635,296.57,mammals,aves,na,na
1,Colobus angolensis,Panthera pardus,9420,52219.11,mammals,mammals,na,na
1,Cyanocitta cristata,Falco peregrinus,88,759.95,aves,aves,na,na
1,Ursus maritimus,Homo sapiens,381875.18,58620.315,mammals,mammals,na,na
1,Hemitragus jemlahicus,Uncia uncia,51550,38333.5,mammals,mammals,na,na
1,Eleutherodactylus portoricensis,Megascops nudipes,3.7,137.34,amphibians,aves,na,na
1,Egretta thula,Procyon lotor,371,5947.485,aves,mammals,na,na
1,Mustela frenata,Haliaeetus leucocephalus,169,4700.58,mammals,aves,na,na
1,Storeria dekayi,Cyanocitta cristata,15.55655134,88,reptilia,aves,na,na
1,Aepyceros melampus,Crocuta crocuta,52400.04,65246.03,mammals,mammals,na,na
1,Egretta tricolor,Haliaeetus leucocephalus,372.3,4700.58,aves,aves,na,na
1,Ambystoma tigrinum,Pelecanus erythrorhynchos,51.34366071,5772.794762,amphibians,aves,na,na
1,Anas platyrhynchos,Bubo virginianus,843.42,1575.7,aves,aves,na,na
1,Thomomys bottae,Mustela frenata,118.875,169,mammals,mammals,na,na
1,Tamiasciurus douglasii,Accipiter striatus,225,130.59,mammals,aves,na,na
1,Sturnus vulgaris,Accipiter striatus,77.14,130.59,aves,aves,na,na
1,Pseudacris regilla,Thamnophis atratus,5.6,128.6684147,amphibians,reptilia,na,na
1,Sus scrofa,Haliaeetus leucocephalus,90309.045,4700.58,mammals,aves,na,na
1,Anolis carolinensis,Lanius ludovicianus,3.396134597,51.59,reptilia,aves,na,na
1,Larus californicus,Pituophis melanoleucus,683.39,315.2912209,aves,reptilia,na,na
1,Diadophis punctatus,Geococcyx californianus,47.81807872,291.6055556,reptilia,aves,na,na
1,Sciurus carolinensis,Buteo lineatus,526.25,603.72,mammals,aves,na,na
1,Didelphis virginiana,Canis latrans,2332.74,12703.165,mammals,mammals,na,na
1,Microtus montanus,Circus cyaneus,39.615,392.98,mammals,aves,na,na
1,Thomomys mazama,Canis latrans,84,12703.165,mammals,mammals,na,na
1,Pelecanus occidentalis,Haliaeetus leucocephalus,3260.217143,4700.58,aves,aves,na,na
1,Muscardinus avellanarius,Falco biarmicus,28.35,606.09,mammals,aves,na,na
1,Chelydra serpentina,Nerodia sipedon,8133.379934,352.7603443,reptilia,reptilia,na,na
1,Gallinula chloropus,Corvus frugilegus,339.63,452.1,aves,aves,na,na
1,Auriparus flaviceps,Accipiter cooperii,6.8,429.67,aves,aves,na,na
1,Lepus americanus,Bubo virginianus,1640.01,1575.7,mammals,aves,na,na
1,Tamias striatus,Strix varia,111.91,711.49,mammals,aves,na,na
1,Anas cyanoptera,Procyon lotor,398.261645,5947.485,aves,mammals,na,na
1,Chaetodipus nelsoni,Tyto alba,15.525,403.32,mammals,aves,na,na
1,Condylura cristata,Tyto alba,65.55,403.32,mammals,aves,na,na
1,Lepus americanus,Accipiter gentilis,1640.01,866.04,mammals,aves,na,na
1,Egretta thula,Buteogallus anthracinus,371,975.09,aves,aves,na,na
1,Sayornis saya,Buteo swainsoni,20.9,946.61,aves,aves,na,na
1,Spermophilus washingtoni,Canis latrans,211.25,12703.165,mammals,mammals,na,na
1,Urocyon cinereoargenteus,Cathartes aura,3831.86,1518.24,mammals,aves,na,na
1,Cryptotis parva,Bubo virginianus,4.915,1575.7,mammals,aves,na,na
1,Thomomys mazama,Felis silvestris,84,4794.995,mammals,mammals,na,na
1,Eleutherodactylus coqui,Melanerpes portoricensis,4.073333333,59.86,amphibians,aves,na,na
1,Thomomys talpoides,Vulpes velox,117.54,2168.755,mammals,mammals,na,na
1,Cyrtonyx montezumae,Accipiter gentilis,185.38,866.04,aves,aves,na,na
1,Tamiasciurus hudsonicus,Buteo lineatus,200.585,603.72,mammals,aves,na,na
1,Tamias amoenus,Accipiter gentilis,50.6,866.04,mammals,aves,na,na
1,Fulica americana,Buteo jamaicensis,636.74,1101.16,aves,aves,na,na
1,Marmosa murina,Chrysocyon brachyurus,31.3,23274.92,mammals,mammals,na,na
1,Felis catus,Cathartes aura,2884.8,1518.24,mammals,aves,na,na
1,Larus delawarensis,Aquila chrysaetos,516.31,4247.97,aves,aves,na,na
1,Dendroica petechia,Falco sparverius,10.22,114.61,aves,aves,na,na
1,Todus mexicanus,Accipiter striatus,5.9,130.59,aves,aves,na,na
1,Plecotus rafinesquii,Procyon lotor,9.08,5947.485,mammals,mammals,bat,na
1,Pseudacris triseriata,Mephitis mephitis,1.208816667,2242.51,amphibians,mammals,na,na
1,Seiurus motacilla,Accipiter striatus,19.9,130.59,aves,aves,na,na
1,Sylvilagus floridanus,Asio flammeus,1191.395,322.61,mammals,aves,na,na
1,Mungotictis decemlineata,Cryptoprocta ferox,660,9500,mammals,mammals,na,na
1,Taricha torosa,Canis latrans,10.955,12703.165,amphibians,mammals,na,na
1,Columba livia,Falco mexicanus,354.2,713.07,aves,aves,na,na
1,Chordeiles minor,Accipiter cooperii,79.3,429.67,aves,aves,na,na
1,Eleutherodactylus coqui,Seiurus aurocapilla,4.073333333,18.8,amphibians,aves,na,na
1,Arizona elegans,Asio otus,177.6044434,296.57,reptilia,aves,na,na
1,Eremophila alpestris,Asio flammeus,33.33,322.61,aves,aves,na,na
1,Plectrophenax nivalis,Vulpes lagopus,42.2,3584.37,aves,mammals,na,na
1,Tadarida brasiliensis,Bubo virginianus,12.345,1575.7,mammals,aves,bat,na
1,Bombycilla cedrorum,Megascops asio,31.58,179.99,aves,aves,na,na
1,Procolobus rufomitratus,Stephanoaetus coronatus,8070,3640,mammals,aves,na,na
1,Ondatra zibethicus,Neovison vison,1028.875,1150,mammals,mammals,na,na
1,Neurotrichus gibbsii,Accipiter cooperii,9.17,429.67,mammals,aves,na,na
1,Pica nuttalli,Aquila chrysaetos,158.29,4247.97,aves,aves,na,na
1,Mus musculus,Megascops kennicottii,17.775,141.82,mammals,aves,na,na
1,Pituophis catenifer,Buteo jamaicensis,497.1560436,1101.16,reptilia,aves,na,na
1,Neurotrichus gibbsii,Procyon lotor,9.17,5947.485,mammals,mammals,na,na
1,Carduelis pinus,Falco columbarius,12.7,188.5,aves,aves,na,na
1,Larus glaucescens,Haliaeetus leucocephalus,1056.54,4700.58,aves,aves,na,na
1,Bos taurus,Haliaeetus leucocephalus,756500,4700.58,mammals,aves,na,na
1,Myodes rutilus,Buteo lagopus,19.94,949.76,mammals,aves,na,na
1,Aptenodytes patagonicus,Chionis albus,11731.07,675.69,aves,aves,flb,na
1,Phasianus colchicus,Cathartes aura,1120.31,1518.24,aves,aves,na,na
1,Meleagris gallopavo,Ursus arctos,5791.37,188260.21,aves,mammals,na,na
1,Lepus nigricollis,Felis silvestris,2299.25,4794.995,mammals,mammals,na,na
1,Lontra canadensis,Canis latrans,8088.71,12703.165,mammals,mammals,na,na
1,Muscardinus avellanarius,Sus scrofa,28.35,90309.045,mammals,mammals,na,na
1,Accipiter cooperii,Bubo virginianus,429.67,1575.7,aves,aves,na,na
1,Sorex hoyi,Surnia ulula,2.93,319.9,mammals,aves,na,na
1,Phalacrocorax brasilianus,Haliaeetus leucocephalus,1239.29,4700.58,aves,aves,na,na
1,Ochotona princeps,Falco mexicanus,157.815,713.07,mammals,aves,na,na
1,Sorex araneus,Strix nebulosa,9.415,1061.89,mammals,aves,na,na
1,Mus musculus,Glaucidium gnoma,17.775,61.25,mammals,aves,na,na
1,Gallinula chloropus,Accipiter gentilis,339.63,866.04,aves,aves,na,na
1,Blarina carolinensis,Canis latrans,12.55,12703.165,mammals,mammals,na,na
1,Myiarchus antillarum,Accipiter striatus,23.4,130.59,aves,aves,na,na
1,Cervus eldii,Canis lupus,94700,33591.665,mammals,mammals,na,na
1,Sciurus carolinensis,Vulpes vulpes,526.25,5158.085,mammals,mammals,na,na
1,Leontopithecus caissara,Panthera onca,588.5,92450,mammals,mammals,na,na
1,Ondatra zibethicus,Canis latrans,1028.875,12703.165,mammals,mammals,na,na
1,Junco hyemalis,Bubo virginianus,19.5,1575.7,aves,aves,na,na
1,Storeria occipitomaculata,Felis silvestris,7.358581925,4794.995,reptilia,mammals,na,na
1,Spermophilus tridecemlineatus,Falco mexicanus,153.335,713.07,mammals,aves,na,na
1,Charadrius vociferus,Bubo virginianus,96.44,1575.7,aves,aves,na,na
1,Asio flammeus,Bubo virginianus,322.61,1575.7,aves,aves,na,na
1,Sorex araneus,Aegolius funereus,9.415,137.18,mammals,aves,na,na
1,Uria lomvia,Larus hyperboreus,963.99,1529.04,aves,aves,na,na
1,Cervus elaphus,Gulo gulo,202507.925,14906.28,mammals,mammals,na,na
1,Accipiter nisus,Accipiter gentilis,220.79,866.04,aves,aves,na,na
1,Thomomys townsendii,Falco mexicanus,263.175,713.07,mammals,aves,na,na
1,Sayornis saya,Buteo regalis,20.9,1437.18,aves,aves,na,na
1,Melanerpes uropygialis,Haliaeetus leucocephalus,64.66,4700.58,aves,aves,na,na
1,Pseudacris regilla,Ardea herodias,5.6,2523.41,amphibians,aves,na,na
1,Geotrygon montana,Margarops fuscatus,133.86,98.43,aves,aves,na,na
1,Trachylepis perrotetii,Psammophis elegans,56.82640207,246.6862995,reptilia,reptilia,na,na
1,Baeolophus bicolor,Megascops asio,21.6,179.99,aves,aves,na,na
1,Microtus xanthognathus,Buteo jamaicensis,109.225,1101.16,mammals,aves,na,na
1,Eleutherodactylus portoricensis,Vireo altiloquus,3.7,18.97,amphibians,aves,na,na
1,Clethrionomys californicus,Mephitis mephitis,18.3,2242.51,mammals,mammals,na,na
1,Corvus caurinus,Canis lupus,390.79,33591.665,aves,mammals,na,na
1,Sylvilagus floridanus,Buteo jamaicensis,1191.395,1101.16,mammals,aves,na,na
1,Rupicapra rupicapra,Lynx lynx,29450,18625,mammals,mammals,na,na
1,Branta bernicla,Homo sapiens,1277.91,58620.315,aves,mammals,na,na
1,Larus fuscus,Circus aeruginosus,762.36,704.07,aves,aves,na,na
1,Eleutherodactylus coqui,Eleutherodactylus coqui,4.073333333,4.073333333,amphibians,amphibians,na,na
1,Perognathus fasciatus,Canis latrans,11.425,12703.165,mammals,mammals,na,na
1,Trachemys scripta,Vulpes vulpes,812.1316188,5158.085,reptilia,mammals,na,na
1,Camelus dromedarius,Corvus ruficollis,544500,573.5,mammals,aves,na,na
1,Sceloporus magister,Buteo jamaicensis,38.68440666,1101.16,reptilia,aves,na,na
1,Oryctolagus cuniculus,Ursus arctos,1711.11,188260.21,mammals,mammals,na,na
1,Passerculus sandwichensis,Falco sparverius,19.97,114.61,aves,aves,na,na
1,Strix varia,Bubo virginianus,711.49,1575.7,aves,aves,na,na
1,Peromyscus leucopus,Megascops asio,19.635,179.99,mammals,aves,na,na
1,Calidris minutilla,Asio otus,22.88,296.57,aves,aves,na,na
1,Colinus virginianus,Bubo virginianus,177.6874419,1575.7,aves,aves,na,na
1,Peromyscus maniculatus,Vulpes vulpes,20.69,5158.085,mammals,mammals,na,na
1,Equus quagga,Panthera leo,4.00E+05,160249.53,mammals,mammals,na,na
1,Micromys minutus,Aegolius funereus,6.5,137.18,mammals,aves,na,na
1,Spermophilus townsendii,Buteo swainsoni,210,946.61,mammals,aves,na,na
1,Chelonia mydas,Crocodylus porosus,44567.07432,190672.1366,reptilia,reptilia,na,na
1,Peromyscus polionotus,Vulpes velox,13.625,2168.755,mammals,mammals,na,na
1,Spermophilus washingtoni,Buteo lagopus,211.25,949.76,mammals,aves,na,na
1,Columba livia,Buteo jamaicensis,354.2,1101.16,aves,aves,na,na
1,Parascalops breweri,Agkistrodon contortrix,50.8,400.4694576,mammals,reptilia,na,na
1,Thamnophis butleri,Mephitis mephitis,42.2969156,2242.51,reptilia,mammals,na,na
1,Recurvirostra americana,Falco peregrinus,304.48,759.95,aves,aves,na,na
1,Vulpes vulpes,Canis latrans,5158.085,12703.165,mammals,mammals,na,na
1,Clethrionomys glareolus,Vulpes vulpes,20.7,5158.085,mammals,mammals,na,na
1,Callosciurus prevostii,Spilornis cheela,380.73,597.74,mammals,aves,na,na
1,Marmota monax,Cathartes aura,3840.86,1518.24,mammals,aves,na,na
1,Icterus parisorum,Falco mexicanus,36.48,713.07,aves,aves,na,na
1,Agelaius phoeniceus,Buteo brachyurus,50.78,496.01,aves,aves,na,na
1,Pheucticus melanocephalus,Corvus corax,47.13,927.97,aves,aves,na,na
1,Perognathus parvus,Buteo jamaicensis,21.59,1101.16,mammals,aves,na,na
1,Asio flammeus,Buteo regalis,322.61,1437.18,aves,aves,na,na
1,Bucephala clangula,Bubo virginianus,918.56,1575.7,aves,aves,na,na
1,Cardinalis cardinalis,Aegolius acadicus,42.64,100.69,aves,aves,na,na
1,Neotoma cinerea,Accipiter gentilis,292.575,866.04,mammals,aves,na,na
1,Thomomys mazama,Mustela erminea,84,201.69,mammals,mammals,na,na
1,Chordeiles minor,Vulpes velox,79.3,2168.755,aves,mammals,na,na
1,Calamospiza melanocorys,Tyto alba,37.6,403.32,aves,aves,na,na
1,Larus marinus,Haliaeetus leucocephalus,1649.71,4700.58,aves,aves,na,na
1,Plestiodon brevirostris,Falco sparverius,3.7748194,114.61,reptilia,aves,na,na
1,Mimus polyglottos,Tyto alba,47.6602606,403.32,aves,aves,na,na
1,Parabuteo unicinctus,Corvus corax,850.28,927.97,aves,aves,na,na
1,Crotalus viridis,Aquila chrysaetos,679.1396015,4247.97,reptilia,aves,na,na
1,Larus californicus,Falco mexicanus,683.39,713.07,aves,aves,na,na
1,Charadrius vociferus,Accipiter cooperii,96.44,429.67,aves,aves,na,na
1,Coereba flaveola,Accipiter striatus,10.01,130.59,aves,aves,na,na
1,Larus californicus,Buteo jamaicensis,683.39,1101.16,aves,aves,na,na
1,Falco rusticolus,Aquila chrysaetos,1431.72,4247.97,aves,aves,na,na
1,Larus canus,Larus hyperboreus,412.53,1529.04,aves,aves,na,na
1,Odocoileus hemionus,Lynx rufus,69006.285,7647.05,mammals,mammals,na,na
1,Chen caerulescens,Ursus maritimus,2636.15,381875.18,aves,mammals,na,na
1,Fratercula cirrhata,Haliaeetus leucocephalus,774.37,4700.58,aves,aves,na,na
1,Didelphis virginiana,Homo sapiens,2332.74,58620.315,mammals,mammals,na,na
1,Amazona vittata,Buteo jamaicensis,279.28,1101.16,aves,aves,na,na
1,Peromyscus maniculatus,Lanius excubitor,20.69,63.41,mammals,aves,na,na
1,Smilisca baudinii,Drymobius margaritiferus,23.7,92.63620326,amphibians,reptilia,na,na
1,Xenopus laevis,Ardea herodias,89.40367992,2523.41,amphibians,aves,na,na
1,Raphicerus sharpei,Caracal caracal,9414.96,12874.955,mammals,mammals,na,na
1,Hippotragus niger,Panthera leo,230749.635,160249.53,mammals,mammals,na,na
1,Neotoma cinerea,Tyto alba,292.575,403.32,mammals,aves,na,na
1,Plecotus auritus,Asio otus,7.975,296.57,mammals,aves,bat,na
1,Pituophis catenifer,Canis latrans,497.1560436,12703.165,reptilia,mammals,na,na
1,Sceloporus graciosus,Buteo swainsoni,8.962039307,946.61,reptilia,aves,na,na
1,Crotalus atrox,Drymarchon melanurus,1695.613881,565.5688398,reptilia,reptilia,na,na
1,Sciurus griseus,Lynx rufus,717.5,7647.05,mammals,mammals,na,na
1,Spermophilus washingtoni,Asio flammeus,211.25,322.61,mammals,aves,na,na
1,Sus verrucosus,Panthera pardus,85125,52219.11,mammals,mammals,na,na
1,Erithacus rubecula,Aegolius funereus,17.7,137.18,aves,aves,na,na
1,Icterus gularis,Falco femoralis,55.16,335.76,aves,aves,na,na
1,Eudocimus albus,Alligator mississippiensis,889.66,60001.02853,aves,reptilia,na,na
1,Ictinia mississippiensis,Procyon lotor,240.2563889,5947.485,aves,mammals,na,na
1,Lemmiscus curtatus,Buteo lagopus,28.285,949.76,mammals,aves,na,na
1,Neotoma fuscipes,Aquila chrysaetos,226.915,4247.97,mammals,aves,na,na
1,Caretta caretta,Corvus ossifragus,48031.4884,284.6,reptilia,aves,na,na
1,Phrynosoma orbiculare,Accipiter cooperii,13.44917687,429.67,reptilia,aves,na,na
1,Passerella iliaca,Asio otus,33.25,296.57,aves,aves,na,na
1,Oreoscoptes montanus,Canis latrans,44.2,12703.165,aves,mammals,na,na
1,Thomomys mazama,Spilogale gracilis,84,466.5,mammals,mammals,na,na
1,Raphicerus sharpei,Canis mesomelas,9414.96,8415.01,mammals,mammals,na,na
1,Zapus princeps,Buteo regalis,28.1,1437.18,mammals,aves,na,na
1,Certhia americana,Peromyscus maniculatus,8.1,20.69,aves,mammals,na,na
1,Tyrannus forficatus,Falco femoralis,39.3,335.76,aves,aves,na,na
1,Zenaida asiatica,Falco femoralis,153,335.76,aves,aves,na,na
1,Microtus richardsoni,Strix nebulosa,91.6,1061.89,mammals,aves,na,na
1,Chaetodipus formosus,Aquila chrysaetos,19.475,4247.97,mammals,aves,na,na
1,Mimus polyglottos,Falco femoralis,47.6602606,335.76,aves,aves,na,na
1,Bassaricyon gabbii,Panthera onca,1250,92450,mammals,mammals,na,na
1,Phalaropus lobatus,Falco peregrinus,36.68,759.95,aves,aves,na,na
1,Icterus spurius,Falco femoralis,19.44,335.76,aves,aves,na,na
1,Lemmiscus curtatus,Buteo swainsoni,28.285,946.61,mammals,aves,na,na
1,Mus musculus,Buteo lagopus,17.775,949.76,mammals,aves,na,na
1,Alle alle,Ursus maritimus,180.73,381875.18,aves,mammals,na,na
1,Perognathus parvus,Buteo regalis,21.59,1437.18,mammals,aves,na,na
1,Cyanocitta stelleri,Accipiter gentilis,128,866.04,aves,aves,na,na
1,Mus musculus,Athene cunicularia,17.775,150.61,mammals,aves,na,na
1,Diadophis punctatus,Buteo jamaicensis,47.81807872,1101.16,reptilia,aves,na,na
1,Agelaius phoeniceus,Procyon lotor,50.78,5947.485,aves,mammals,na,na
1,Circus cyaneus,Haliaeetus leucocephalus,392.98,4700.58,aves,aves,na,na
1,Chaetodipus baileyi,Canis latrans,26.325,12703.165,mammals,mammals,na,na
1,Sturnus vulgaris,Falco peregrinus,77.14,759.95,aves,aves,na,na
1,Sceloporus magister,Accipiter cooperii,38.68440666,429.67,reptilia,aves,na,na
1,Chaetodipus hispidus,Athene cunicularia,32,150.61,mammals,aves,na,na
1,Aythya marila,Haliaeetus leucocephalus,1005.37,4700.58,aves,aves,na,na
1,Odocoileus hemionus,Puma concolor,69006.285,52750.02,mammals,mammals,na,na
1,Anas acuta,Aquila chrysaetos,944.62,4247.97,aves,aves,na,na
1,Raphicerus sharpei,Crocuta crocuta,9414.96,65246.03,mammals,mammals,na,na
1,Lithobates pipiens,Buteo regalis,39.2,1437.18,amphibians,aves,na,na
1,Eulemur fulvus,Acrantophis madagascariensis,2770,3403.05085,mammals,reptilia,na,na
1,Ammospermophilus leucurus,Falco mexicanus,103.835,713.07,mammals,aves,na,na
1,Microtus ochrogaster,Buteo platypterus,40.255,453.65,mammals,aves,na,na
1,Catharus ustulatus,Falco columbarius,30.3,188.5,aves,aves,na,na
1,Peromyscus maniculatus,Bubo virginianus,20.69,1575.7,mammals,aves,na,na
1,Aix sponsa,Accipiter gentilis,657.59,866.04,aves,aves,na,na
1,Setophaga ruticilla,Accipiter gentilis,8.24,866.04,aves,aves,na,na
1,Thryomanes bewickii,Glaucidium brasilianum,9.9,75.1,aves,aves,na,na
1,Eleutherodactylus portoricensis,Nesospingus speculiferus,3.7,35.2,amphibians,aves,na,na
1,Brachyramphus marmoratus,Falco peregrinus,220,759.95,aves,aves,na,na
1,Erinaceus europaeus,Canis lupus,785.5,33591.665,mammals,mammals,na,na
1,Agelaius phoeniceus,Sciurus carolinensis,50.78,526.25,aves,mammals,na,na
1,Plestiodon obsoletus,Glaucidium brasilianum,29.54518014,75.1,reptilia,aves,na,na
1,Pituophis melanoleucus,Buteo regalis,315.2912209,1437.18,reptilia,aves,na,na
1,Lasiurus borealis,Buteo platypterus,11.52,453.65,mammals,aves,bat,na
1,Castor canadensis,Homo sapiens,19960,58620.315,mammals,mammals,na,na
1,Tyrannus tyrannus,Falco femoralis,39.85,335.76,aves,aves,na,na
1,Corvus brachyrhynchos,Haliaeetus leucocephalus,448.76,4700.58,aves,aves,na,na
1,Rangifer tarandus,Ursus arctos,97016.99,188260.21,mammals,mammals,na,na
1,Equus kiang,Homo sapiens,277500,58620.315,mammals,mammals,na,na
1,Rynchops niger,Procyon lotor,297.73,5947.485,aves,mammals,na,na
1,Anas acuta,Procyon lotor,944.62,5947.485,aves,mammals,na,na
1,Calamospiza melanocorys,Buteo regalis,37.6,1437.18,aves,aves,na,na
1,Peromyscus polionotus,Falco peregrinus,13.625,759.95,mammals,aves,na,na
1,Chondrodactylus turneri,Philothamnus semivariegatus,8.080421751,86.31276812,reptilia,reptilia,na,na
1,Osteopilus septentrionalis,Pseudoscops grammicus,11.11,335,amphibians,aves,na,na
1,Anaxyrus cognatus,Buteo platypterus,25,453.65,amphibians,aves,na,na
1,Trachemys scripta,Mephitis mephitis,812.1316188,2242.51,reptilia,mammals,na,na
1,Peromyscus maniculatus,Accipiter cooperii,20.69,429.67,mammals,aves,na,na
1,Lemmus sibiricus,Buteo lagopus,57.785,949.76,mammals,aves,na,na
1,Turdus migratorius,Accipiter striatus,79.98562144,130.59,aves,aves,na,na
1,Siren lacertina,Haliaeetus leucocephalus,716.3888889,4700.58,amphibians,aves,na,na
1,Branta canadensis,Buteo jamaicensis,2811.68,1101.16,aves,aves,na,na
1,Quiscalus mexicanus,Accipiter cooperii,160.47,429.67,aves,aves,na,na
1,Carduelis chloris,Asio otus,26,296.57,aves,aves,na,na
1,Spermophilus townsendii,Buteo lagopus,210,949.76,mammals,aves,na,na
1,Scapanus orarius,Accipiter cooperii,60.95,429.67,mammals,aves,na,na
1,Eudorcas thomsonii,Acinonyx jubatus,22907.43,48600,mammals,mammals,na,na
1,Leopardus geoffroyi,Homo sapiens,5157.94,58620.315,mammals,mammals,na,na
1,Bonasa umbellus,Accipiter gentilis,530.91,866.04,aves,aves,na,na
1,Bonasa umbellus,Haliaeetus leucocephalus,530.91,4700.58,aves,aves,na,na
1,Egretta caerulea,Haliaeetus leucocephalus,338.61,4700.58,aves,aves,na,na
1,Zapus princeps,Accipiter striatus,28.1,130.59,mammals,aves,na,na
1,Aethia psittacula,Falco peregrinus,269.98,759.95,aves,aves,na,na
1,Molothrus ater,Bubo virginianus,42.02651747,1575.7,aves,aves,na,na
1,Certhia americana,Falco columbarius,8.1,188.5,aves,aves,na,na
1,Halobaena caerulea,Macronectes giganteus,202,3591.69,aves,aves,na,na
1,Spizella passerina,Accipiter gentilis,12.2,866.04,aves,aves,na,na
1,Anolis pogus,Margarops fuscatus,2.296429704,98.43,reptilia,aves,na,na
1,Glaucomys sabrinus,Accipiter cooperii,152,429.67,mammals,aves,na,na
1,Epidalea calamita,Vulpes vulpes,56.459875,5158.085,amphibians,mammals,na,na
1,Glaucomys volans,Accipiter cooperii,67.935,429.67,mammals,aves,na,na
1,Auriparus flaviceps,Lanius ludovicianus,6.8,51.59,aves,aves,na,na
1,Campylorhynchus brunneicapillus,Falco femoralis,38.9,335.76,aves,aves,na,na
1,Dolichonyx oryzivorus,Accipiter cooperii,31.46,429.67,aves,aves,na,na
1,Lepus californicus,Accipiter cooperii,2421.24,429.67,mammals,aves,na,na
1,Sicista subtilis,Spheniscus magellanicus,11.775,4105.1,mammals,aves,na,flb
1,Reithrodontomys megalotis,Falco sparverius,10.035,114.61,mammals,aves,na,na
1,Chaetodipus formosus,Athene cunicularia,19.475,150.61,mammals,aves,na,na
1,Odocoileus virginianus,Buteo jamaicensis,65254.28,1101.16,mammals,aves,na,na
1,Lepus americanus,Buteo platypterus,1640.01,453.65,mammals,aves,na,na
1,Anolis evermanni,Eleutherodactylus coqui,5.197487098,4.073333333,reptilia,amphibians,na,na
1,Peromyscus boylii,Urocyon cinereoargenteus,22.625,3831.86,mammals,mammals,na,na
1,Clethrionomys glareolus,Strix aluco,20.7,472.46,mammals,aves,na,na
1,Charadrius semipalmatus,Stercorarius parasiticus,46.74,444.31,aves,aves,na,na
1,Certhia americana,Spermophilus lateralis,8.1,183,aves,mammals,na,na
1,Anas crecca,Bubo virginianus,341.89,1575.7,aves,aves,na,na
1,Megascops kennicottii,Bubo virginianus,141.82,1575.7,aves,aves,na,na
1,Sylvilagus nuttallii,Megascops kennicottii,780.045,141.82,mammals,aves,na,na
1,Falco peregrinus,Vulpes vulpes,759.95,5158.085,aves,mammals,na,na
1,Didelphis virginiana,Coragyps atratus,2332.74,1758.195926,mammals,aves,na,na
1,Corvus corax,Bubo virginianus,927.97,1575.7,aves,aves,na,na
1,Anser anser,Corvus corax,3302.41,927.97,aves,aves,na,na
1,Sturnella magna,Asio flammeus,91.76,322.61,aves,aves,na,na
1,Redunca redunca,Panthera pardus,43375.205,52219.11,mammals,mammals,na,na
1,Progne subis,Accipiter cooperii,53.79,429.67,aves,aves,na,na
1,Leucosticte australis,Falco mexicanus,26.6,713.07,aves,aves,na,na
1,Lemmiscus curtatus,Buteo regalis,28.285,1437.18,mammals,aves,na,na
1,Tamias merriami,Canis latrans,74.8,12703.165,mammals,mammals,na,na
1,Calcarius lapponicus,Falco rusticolus,27.84,1431.72,aves,aves,na,na
1,Spermophilus brunneus,Accipiter gentilis,300,866.04,mammals,aves,na,na
1,Zonotrichia leucophrys,Geococcyx velox,28,180.1118748,aves,aves,na,na
1,Sphyrapicus varius,Accipiter striatus,50.3,130.59,aves,aves,na,na
1,Zapus hudsonius,Falco sparverius,17.76,114.61,mammals,aves,na,na
1,Miopithecus talapoin,Panthera pardus,1250,52219.11,mammals,mammals,na,na
1,Bonasa umbellus,Accipiter cooperii,530.91,429.67,aves,aves,na,na
1,Branta canadensis,Stercorarius parasiticus,2811.68,444.31,aves,aves,na,na
1,Asio flammeus,Buteo jamaicensis,322.61,1101.16,aves,aves,na,na
1,Chordeiles minor,Falco femoralis,79.3,335.76,aves,aves,na,na
1,Falco sparverius,Aquila chrysaetos,114.61,4247.97,aves,aves,na,na
1,Phalaropus fulicarius,Falco peregrinus,55.59,759.95,aves,aves,na,na
1,Blarina brevicauda,Buteo lineatus,23.2,603.72,mammals,aves,na,na
1,Spilogale gracilis,Bubo virginianus,466.5,1575.7,mammals,aves,na,na
1,Taricha torosa,Spermophilus beecheyi,10.955,588.25,amphibians,mammals,na,na
1,Eremophila alpestris,Buteo lagopus,33.33,949.76,aves,aves,na,na
1,Crotalus oreganus,Cathartes aura,652.8298242,1518.24,reptilia,aves,na,na
1,Aix sponsa,Vulpes vulpes,657.59,5158.085,aves,mammals,na,na
1,Peromyscus maniculatus,Aegolius acadicus,20.69,100.69,mammals,aves,na,na
1,Numenius americanus,Aquila chrysaetos,583.86,4247.97,aves,aves,na,na
1,Saguinus bicolor,Homo sapiens,465,58620.315,mammals,mammals,na,na
1,Patagioenas cayennensis,Falco femoralis,229,335.76,aves,aves,na,na
1,Ameiva exsul,Quiscalus niger,51.78213447,72.19,reptilia,aves,na,na
1,Sceloporus occidentalis,Accipiter striatus,13.49958843,130.59,reptilia,aves,na,na
1,Limosa lapponica,Buteo lagopus,291.65,949.76,aves,aves,na,na
1,Mazama gouazoupira,Canis lupus,16400,33591.665,mammals,mammals,na,na
1,Pica pica,Asio otus,217.48,296.57,aves,aves,na,na
1,Passerella iliaca,Asio flammeus,33.25,322.61,aves,aves,na,na
1,Sorex cinereus,Vulpes vulpes,4.4,5158.085,mammals,mammals,na,na
1,Spermophilus richardsonii,Aquila chrysaetos,365.5,4247.97,mammals,aves,na,na
1,Plecotus rafinesquii,Felis silvestris,9.08,4794.995,mammals,mammals,bat,na
1,Notiosorex crawfordi,Asio otus,4.63,296.57,mammals,aves,na,na
1,Geomys bursarius,Asio otus,178.875,296.57,mammals,aves,na,na
1,Peromyscus polionotus,Urocyon cinereoargenteus,13.625,3831.86,mammals,mammals,na,na
1,Ursus maritimus,Ursus maritimus,381875.18,381875.18,mammals,mammals,na,na
1,Juscelinomys huanchacae,Chrysocyon brachyurus,97.3,23274.92,mammals,mammals,na,na
1,Sylvilagus nuttallii,Buteo regalis,780.045,1437.18,mammals,aves,na,na
1,Microtus pinetorum,Asio otus,26.14,296.57,mammals,aves,na,na
1,Larus argentatus,Haliaeetus leucocephalus,1090.99,4700.58,aves,aves,na,na
1,Anas cyanoptera,Canis latrans,398.261645,12703.165,aves,mammals,na,na
1,Hemitragus hylocrius,Cuon alpinus,74350,15036.665,mammals,mammals,na,na
1,Clangula hyemalis,Haliaeetus leucocephalus,871,4700.58,aves,aves,na,na
1,Sylvilagus audubonii,Haliaeetus leucocephalus,886.315,4700.58,mammals,aves,na,na
1,Synthliboramphus antiquus,Haliaeetus leucocephalus,217.72,4700.58,aves,aves,na,na
1,Microtus montanus,Strix nebulosa,39.615,1061.89,mammals,aves,na,na
1,Anolis gundlachi,Margarops fuscatus,5.802858037,98.43,reptilia,aves,na,na
1,Plestiodon inexpectatus,Lanius ludovicianus,8.52381377,51.59,reptilia,aves,na,na
1,Chondestes grammacus,Accipiter cooperii,29,429.67,aves,aves,na,na
1,Sceloporus occidentalis,Falco sparverius,13.49958843,114.61,reptilia,aves,na,na
1,Lithobates pipiens,Falco sparverius,39.2,114.61,amphibians,aves,na,na
1,Columba livia,Larus dominicanus,354.2,952.43,aves,aves,na,na
1,Uria aalge,Larus hyperboreus,991.93,1529.04,aves,aves,na,na
1,Thomomys townsendii,Bubo virginianus,263.175,1575.7,mammals,aves,na,na
1,Coereba flaveola,Buteo jamaicensis,10.01,1101.16,aves,aves,na,na
1,Histrionicus histrionicus,Falco peregrinus,561.57,759.95,aves,aves,na,na
1,Surnia ulula,Accipiter gentilis,319.9,866.04,aves,aves,na,na
1,Phalanger lullulae,Homo sapiens,1631.25,58620.315,mammals,mammals,na,na
1,Storeria dekayi,Micrurus tener,15.55655134,144.8602254,reptilia,reptilia,na,na
1,Neotoma lepida,Buteo jamaicensis,153.875,1101.16,mammals,aves,na,na
1,Caprimulgus vociferus,Falco femoralis,53.3,335.76,aves,aves,na,na
1,Lasiurus borealis,Bubo virginianus,11.52,1575.7,mammals,aves,bat,na
1,Riparia riparia,Haliaeetus leucocephalus,13.64604348,4700.58,aves,aves,na,na
1,Procyon lotor,Canis latrans,5947.485,12703.165,mammals,mammals,na,na
1,Damaliscus hunteri,Acinonyx jubatus,78600,48600,mammals,mammals,na,na
1,Glaucomys sabrinus,Aegolius funereus,152,137.18,mammals,aves,na,na
1,Rana draytonii,Canis latrans,77.7,12703.165,amphibians,mammals,na,na
1,Anas fulvigula,Neovison vison,843.42,1150,aves,mammals,na,na
1,Antrozous pallidus,Tyto alba,21.5,403.32,mammals,aves,bat,na
1,Reithrodontomys humulis,Tyto alba,8.28,403.32,mammals,aves,na,na
1,Numenius americanus,Buteo regalis,583.86,1437.18,aves,aves,na,na
1,Abrothrix olivaceus,Athene cunicularia,24.52,150.61,mammals,aves,na,na
1,Passerculus sandwichensis,Falco columbarius,19.97,188.5,aves,aves,na,na
1,Lerwa lerwa,Mustela altaica,567.34,175.5,aves,mammals,na,na
1,Icterus galbula,Accipiter cooperii,32.83,429.67,aves,aves,na,na
1,Zonotrichia albicollis,Falco columbarius,24.4,188.5,aves,aves,na,na
1,Geotrygon montana,Felis catus,133.86,2884.8,aves,mammals,na,na
1,Lagopus muta,Falco peregrinus,535.3,759.95,aves,aves,na,na
1,Perisoreus canadensis,Falco peregrinus,71.58,759.95,aves,aves,na,na
1,Podilymbus podiceps,Procyon lotor,411.93,5947.485,aves,mammals,na,na
1,Zenaida asiatica,Haliaeetus leucocephalus,153,4700.58,aves,aves,na,na
1,Perdix perdix,Aquila chrysaetos,405.3,4247.97,aves,aves,na,na
1,Lithobates pipiens,Ictinia mississippiensis,39.2,240.2563889,amphibians,aves,na,na
1,Aythya valisineria,Aquila chrysaetos,1202,4247.97,aves,aves,na,na
1,Peromyscus maniculatus,Ursus arctos,20.69,188260.21,mammals,mammals,na,na
1,Coccyzus minor,Falco femoralis,63.89,335.76,aves,aves,na,na
1,Sylvilagus audubonii,Cathartes aura,886.315,1518.24,mammals,aves,na,na
1,Neotoma fuscipes,Lynx rufus,226.915,7647.05,mammals,mammals,na,na
1,Molossus molossus,Pitangus sulphuratus,13.69,62.85,mammals,aves,bat,na
1,Pheucticus melanocephalus,Falco mexicanus,47.13,713.07,aves,aves,na,na
1,Agelaius phoeniceus,Asio flammeus,50.78,322.61,aves,aves,na,na
1,Spermophilus parryii,Surnia ulula,753.495,319.9,mammals,aves,na,na
1,Calidris alpina,Asio otus,51.89,296.57,aves,aves,na,na
1,Rupicapra rupicapra,Canis lupus,29450,33591.665,mammals,mammals,na,na
1,Fulica americana,Procyon lotor,636.74,5947.485,aves,mammals,na,na
1,Peromyscus maniculatus,Asio flammeus,20.69,322.61,mammals,aves,na,na
1,Ammospermophilus leucurus,Taxidea taxus,103.835,7473.775,mammals,mammals,na,na
1,Turdus philomelos,Aegolius funereus,67.74,137.18,aves,aves,na,na
1,Charadrius vociferus,Falco femoralis,96.44,335.76,aves,aves,na,na
1,Lepus nigricollis,Panthera pardus,2299.25,52219.11,mammals,mammals,na,na
1,Lagopus muta,Stercorarius longicaudus,535.3,287.9,aves,aves,na,na
1,Quiscalus mexicanus,Haliaeetus leucocephalus,160.47,4700.58,aves,aves,na,na
1,Mus musculus,Strix varia,17.775,711.49,mammals,aves,na,na
1,Trichosurus caninus,Morelia spilota,3320,5288.43927,mammals,reptilia,na,na
1,Bucephala clangula,Haliaeetus leucocephalus,918.56,4700.58,aves,aves,na,na
1,Nucifraga columbiana,Falco mexicanus,129.81,713.07,aves,aves,na,na
1,Tamias dorsalis,Falco sparverius,67.4,114.61,mammals,aves,na,na
1,Microtus xanthognathus,Martes americana,109.225,1066,mammals,mammals,na,na
1,Gerrhosaurus flavigularis,Psammophis mossambicus,33.50892565,264.759,reptilia,reptilia,na,na
1,Icterus bullockii,Buteo albonotatus,34.29533613,745.92,aves,aves,na,na
1,Falco peregrinus,Falco rusticolus,759.95,1431.72,aves,aves,na,na
1,Meleagris gallopavo,Cathartes aura,5791.37,1518.24,aves,aves,na,na
1,Psaltriparus minimus,Accipiter striatus,5.3,130.59,aves,aves,na,na
1,Rallus elegans,Bubo virginianus,310.6604002,1575.7,aves,aves,na,na
1,Peromyscus leucopus,Tyto alba,19.635,403.32,mammals,aves,na,na
1,Quiscalus quiscula,Falco sparverius,105.18,114.61,aves,aves,na,na
1,Gallus gallus,Cathartes aura,751.72,1518.24,aves,aves,na,na
1,Plethodon cinereus,Mephitis mephitis,32.90421875,2242.51,amphibians,mammals,na,na
1,Procolobus rufomitratus,Homo sapiens,8070,58620.315,mammals,mammals,na,na
1,Colobus satanas,Stephanoaetus coronatus,6734.98,3640,mammals,aves,na,na
1,Sylvilagus transitionalis,Strix varia,735.85,711.49,mammals,aves,na,na
1,Lithobates pipiens,Buteo platypterus,39.2,453.65,amphibians,aves,na,na
1,Lemmus sibiricus,Surnia ulula,57.785,319.9,mammals,aves,na,na
1,Oryctolagus cuniculus,Parabuteo unicinctus,1711.11,850.28,mammals,aves,na,na
1,Sorex vagrans,Asio otus,5.89,296.57,mammals,aves,na,na
1,Sorex cinereus,Felis silvestris,4.4,4794.995,mammals,mammals,na,na
1,Perognathus parvus,Tyto alba,21.59,403.32,mammals,aves,na,na
1,Neotoma cinerea,Megascops kennicottii,292.575,141.82,mammals,aves,na,na
1,Eptesicus fuscus,Felis silvestris,16.88,4794.995,mammals,mammals,bat,na
1,Eleutherodactylus portoricensis,Sphaerodactylus klauberi,3.7,0.786958955,amphibians,reptilia,na,na
1,Tamias striatus,Accipiter gentilis,111.91,866.04,mammals,aves,na,na
1,Sorex fumeus,Buteo platypterus,7.71,453.65,mammals,aves,na,na
1,Neotoma lepida,Strix occidentalis,153.875,586.37,mammals,aves,na,na
1,Eleutherodactylus coqui,Turdus plumbeus,4.073333333,75.3,amphibians,aves,na,na
1,Tyto alba,Haliaeetus leucocephalus,403.32,4700.58,aves,aves,na,na
1,Fringilla coelebs,Accipiter gentilis,23.81,866.04,aves,aves,na,na
1,Mus musculus,Vulpes vulpes,17.775,5158.085,mammals,mammals,na,na
1,Rallus longirostris,Asio flammeus,285.2886885,322.61,aves,aves,na,na
1,Microtus californicus,Falco sparverius,57.41,114.61,mammals,aves,na,na
1,Anas americana,Taxidea taxus,754.61,7473.775,aves,mammals,na,na
1,Epomophorus gambianus,Cardioderma cor,128.435,27.02,mammals,mammals,bat,bat
1,Plethodon cinereus,Corvus brachyrhynchos,32.90421875,448.76,amphibians,aves,na,na
1,Egretta thula,Bubo virginianus,371,1575.7,aves,aves,na,na
1,Oligoryzomys longicaudatus,Falco sparverius,27.3,114.61,mammals,aves,na,na
1,Melospiza melodia,Larus canus,21.91,412.53,aves,aves,na,na
1,Asio flammeus,Falco peregrinus,322.61,759.95,aves,aves,na,na
1,Melospiza melodia,Bubo virginianus,21.91,1575.7,aves,aves,na,na
1,Zenaida macroura,Circus cyaneus,118.93,392.98,aves,aves,na,na
1,Eleutherodactylus portoricensis,Rattus rattus,3.7,186.065,amphibians,mammals,na,na
1,Dipodomys venustus,Felis silvestris,75,4794.995,mammals,mammals,na,na
1,Junco hyemalis,Aegolius acadicus,19.5,100.69,aves,aves,na,na
1,Agelaius phoeniceus,Falco mexicanus,50.78,713.07,aves,aves,na,na
1,Mimus polyglottos,Alligator mississippiensis,47.6602606,60001.02853,aves,reptilia,na,na
1,Megascops kennicottii,Strix occidentalis,141.82,586.37,aves,aves,na,na
1,Marmota caudata,Aquila chrysaetos,4350,4247.97,mammals,aves,na,na
1,Panthera pardus,Panthera tigris,52219.11,162782,mammals,mammals,na,na
1,Aethia cristatella,Larus glaucescens,259.36,1056.54,aves,aves,na,na
1,Amazona viridigenalis,Amazona viridigenalis,310.7,310.7,aves,aves,na,na
1,Sorex arcticus,Strix nebulosa,8.04,1061.89,mammals,aves,na,na
1,Cuculus canorus,Accipiter gentilis,111.36,866.04,aves,aves,na,na
1,Cyanocitta cristata,Accipiter cooperii,88,429.67,aves,aves,na,na
1,Dendroica petechia,Cyanocitta cristata,10.22,88,aves,aves,na,na
1,Falco rusticolus,Falco rusticolus,1431.72,1431.72,aves,aves,na,na
1,Pteropus tonganus,Falco peregrinus,487.665,759.95,mammals,aves,bat,na
1,Agelaius phoeniceus,Haliaeetus leucocephalus,50.78,4700.58,aves,aves,na,na
1,Chaetodipus hispidus,Buteo regalis,32,1437.18,mammals,aves,na,na
1,Picoides pubescens,Strix varia,25.55,711.49,aves,aves,na,na
1,Lemmiscus curtatus,Asio otus,28.285,296.57,mammals,aves,na,na
1,Icterus galbula,Haliaeetus leucocephalus,32.83,4700.58,aves,aves,na,na
1,Hyla squirella,Procyon lotor,2.54,5947.485,amphibians,mammals,na,na
1,Diadophis punctatus,Micruroides euryxanthus,47.81807872,38.35858527,reptilia,reptilia,na,na
1,Thomomys talpoides,Bubo virginianus,117.54,1575.7,mammals,aves,na,na
1,Glaucomys sabrinus,Accipiter gentilis,152,866.04,mammals,aves,na,na
1,Passerella iliaca,Megascops asio,33.25,179.99,aves,aves,na,na
1,Barisia imbricata,Falco sparverius,32.17372542,114.61,reptilia,aves,na,na
1,Tragelaphus angasii,Acinonyx jubatus,86800.21,48600,mammals,mammals,na,na
1,Chaetophractus nationi,Homo sapiens,2160.005,58620.315,mammals,mammals,na,na
1,Phacochoerus africanus,Panthera leo,82500,160249.53,mammals,mammals,na,na
1,Microtus pennsylvanicus,Athene cunicularia,39.625,150.61,mammals,aves,na,na
1,Dendroica tigrina,Accipiter striatus,10.04,130.59,aves,aves,na,na
1,Abrothrix olivaceus,Falco sparverius,24.52,114.61,mammals,aves,na,na
1,Abrothrix olivaceus,Bubo virginianus,24.52,1575.7,mammals,aves,na,na
1,Anas strepera,Taxidea taxus,915.58,7473.775,aves,mammals,na,na
1,Philetairus socius,Naja nivea,27.4,364.6947403,aves,reptilia,na,na
1,Turdus migratorius,Buteo jamaicensis,79.98562144,1101.16,aves,aves,na,na
1,Rallus longirostris,Haliaeetus leucocephalus,285.2886885,4700.58,aves,aves,na,na
1,Oreoscoptes montanus,Buteo regalis,44.2,1437.18,aves,aves,na,na
1,Sterna hirundo,Asio flammeus,129.15,322.61,aves,aves,na,na
1,Columba livia,Accipiter gentilis,354.2,866.04,aves,aves,na,na
1,Dracaena paraguayensis,Caiman crocodilus,935.4871432,15888.10568,reptilia,reptilia,na,na
1,Spermophilus armatus,Aquila chrysaetos,310,4247.97,mammals,aves,na,na
1,Junco hyemalis,Asio otus,19.5,296.57,aves,aves,na,na
1,Microtus montanus,Tyto alba,39.615,403.32,mammals,aves,na,na
1,Giraffa camelopardalis,Panthera pardus,927497.4,52219.11,mammals,mammals,na,na
1,Nesospingus speculiferus,Accipiter striatus,35.2,130.59,aves,aves,na,na
1,Microtus oeconomus,Strix nebulosa,33.74,1061.89,mammals,aves,na,na
1,Microtus longicaudus,Tyto alba,45.755,403.32,mammals,aves,na,na
1,Anolis carolinensis,Cyanocitta cristata,3.396134597,88,reptilia,aves,na,na
1,Dendroica discolor,Accipiter striatus,7.64,130.59,aves,aves,na,na
1,Columba livia,Megascops asio,354.2,179.99,aves,aves,na,na
1,Cygnus columbianus,Corvus corax,6377.96,927.97,aves,aves,na,na
1,Rissa tridactyla,Buteo lagopus,415.99,949.76,aves,aves,na,na
1,Zonotrichia albicollis,Buteo platypterus,24.4,453.65,aves,aves,na,na
1,Empidonax oberholseri,Accipiter striatus,11.59992126,130.59,aves,aves,na,na
1,Callipepla gambelii,Aquila chrysaetos,165.95,4247.97,aves,aves,na,na
1,Nasua nasua,Leopardus pardalis,3791.925,11900.04,mammals,mammals,na,na
1,Smilisca baudinii,Leptodeira splendida,23.7,50.05650438,amphibians,reptilia,na,na
1,Oligoryzomys longicaudatus,Tyto alba,27.3,403.32,mammals,aves,na,na
1,Myotis grisescens,Vulpes velox,10.67,2168.755,mammals,mammals,bat,na
1,Ovis aries,Corvus albicollis,42100,893.99,mammals,aves,na,na
1,Spermophilus washingtoni,Mustela frenata,211.25,169,mammals,mammals,na,na
1,Dipodomys venustus,Urocyon cinereoargenteus,75,3831.86,mammals,mammals,na,na
1,Phylloscopus trochilus,Aegolius funereus,8.7,137.18,aves,aves,na,na
1,Manis javanica,Homo sapiens,5005,58620.315,mammals,mammals,na,na
1,Anolis evermanni,Todus mexicanus,5.197487098,5.9,reptilia,aves,na,na
1,Storeria occipitomaculata,Spermophilus tridecemlineatus,7.358581925,153.335,reptilia,mammals,na,na
1,Cardinalis cardinalis,Haliaeetus leucocephalus,42.64,4700.58,aves,aves,na,na
1,Sciurus carolinensis,Haliaeetus leucocephalus,526.25,4700.58,mammals,aves,na,na
1,Opheodrys vernalis,Buteo jamaicensis,29.21159816,1101.16,reptilia,aves,na,na
1,Bassariscus astutus,Aquila chrysaetos,1074.755,4247.97,mammals,aves,na,na
1,Pica pica,Buteo regalis,217.48,1437.18,aves,aves,na,na
1,Grus canadensis,Falco peregrinus,4296.22,759.95,aves,aves,na,na
1,Brachyteles arachnoides,Homo sapiens,12049.94,58620.315,mammals,mammals,na,na
1,Sturnella magna,Accipiter cooperii,91.76,429.67,aves,aves,na,na
1,Calcarius lapponicus,Stercorarius longicaudus,27.84,287.9,aves,aves,na,na
1,Lepus capensis,Vulpes chama,2655.835,2937.51,mammals,mammals,na,na
1,Neotoma fuscipes,Accipiter gentilis,226.915,866.04,mammals,aves,na,na
1,Lepus townsendii,Aquila chrysaetos,2467.5,4247.97,mammals,aves,na,na
1,Capra cylindricornis,Canis lupus,57500,33591.665,mammals,mammals,na,na
1,Corvus caurinus,Accipiter cooperii,390.79,429.67,aves,aves,na,na
1,Bos taurus,Aquila chrysaetos,756500,4247.97,mammals,aves,na,na
1,Herpestes javanicus,Buteo jamaicensis,757.5,1101.16,mammals,aves,na,na
1,Sus scrofa,Canis lupus,90309.045,33591.665,mammals,mammals,na,na
1,Thomomys townsendii,Megascops kennicottii,263.175,141.82,mammals,aves,na,na
1,Canis latrans,Corvus brachyrhynchos,12703.165,448.76,mammals,aves,na,na
1,Thomomys bottae,Buteo lineatus,118.875,603.72,mammals,aves,na,na
1,Alligator mississippiensis,Alligator mississippiensis,60001.02853,60001.02853,reptilia,reptilia,na,na
1,Calcarius ornatus,Buteo regalis,20.3,1437.18,aves,aves,na,na
1,Ondatra zibethicus,Buteo jamaicensis,1028.875,1101.16,mammals,aves,na,na
1,Asio flammeus,Asio flammeus,322.61,322.61,aves,aves,na,na
1,Bubalus depressicornis,Python molurus,277500,24741.97203,mammals,reptilia,na,na
1,Loxodonta africana,Homo sapiens,3940017.14,58620.315,mammals,mammals,na,na
1,Reithrodontomys megalotis,Buteo regalis,10.035,1437.18,mammals,aves,na,na
1,Spermophilus townsendii,Aquila chrysaetos,210,4247.97,mammals,aves,na,na
1,Spermophilus washingtoni,Falco mexicanus,211.25,713.07,mammals,aves,na,na
1,Peromyscus maniculatus,Tyto alba,20.69,403.32,mammals,aves,na,na
1,Tachycineta bicolor,Buteo jamaicensis,21.2,1101.16,aves,aves,na,na
1,Tachymenis peruviana,Parabuteo unicinctus,25.35968845,850.28,reptilia,aves,na,na
1,Mustela frenata,Buteo jamaicensis,169,1101.16,mammals,aves,na,na
1,Chamaeleo dilepis,Dasypeltis scabra,54.85261149,66.55588073,reptilia,reptilia,na,na
1,Tamias alpinus,Canis latrans,36.525,12703.165,mammals,mammals,na,na
1,Ammodorcas clarkei,Hyaena hyaena,28024.905,38402.555,mammals,mammals,na,na
1,Somateria mollissima,Haliaeetus leucocephalus,2060.93,4700.58,aves,aves,na,na
1,Colaptes auratus,Glaucidium gnoma,131.46,61.25,aves,aves,na,na
1,Fratercula corniculata,Haliaeetus leucocephalus,536.14,4700.58,aves,aves,na,na
1,Sphaerodactylus klauberi,Turdus plumbeus,0.786958955,75.3,reptilia,aves,na,na
1,Sialia mexicana,Accipiter striatus,26.44,130.59,aves,aves,na,na
1,Zenaida macroura,Falco peregrinus,118.93,759.95,aves,aves,na,na
1,Tamiasciurus hudsonicus,Glaucidium gnoma,200.585,61.25,mammals,aves,na,na
1,Dipodomys deserti,Lynx rufus,106.25,7647.05,mammals,mammals,na,na
1,Buteo jamaicensis,Corvus corax,1101.16,927.97,aves,aves,na,na
1,Alligator mississippiensis,Lontra canadensis,60001.02853,8088.71,reptilia,mammals,na,na
1,Micrathene whitneyi,Aphelocoma ultramarina,41,113.33,aves,aves,na,na
1,Mimus polyglottos,Haliaeetus leucocephalus,47.6602606,4700.58,aves,aves,na,na
1,Anas fulvigula,Lithobates catesbeianus,843.42,312.7083338,aves,amphibians,na,na
1,Stercorarius parasiticus,Stercorarius parasiticus,444.31,444.31,aves,aves,na,na
1,Icterus dominicensis,Accipiter striatus,35.74,130.59,aves,aves,na,na
1,Thomomys talpoides,Aegolius funereus,117.54,137.18,mammals,aves,na,na
1,Melanerpes portoricensis,Buteo jamaicensis,59.86,1101.16,aves,aves,na,na
1,Grus canadensis,Larus hyperboreus,4296.22,1529.04,aves,aves,na,na
1,Cervus albirostris,Canis lupus,161000,33591.665,mammals,mammals,na,na
1,Pseudochirulus cinereus,Canis lupus,977.48,33591.665,mammals,mammals,na,na
1,Suricata suricatta,Polemaetus bellicosus,727.75,3964.54,mammals,aves,na,na
1,Sigmodon hispidus,Megascops asio,101.69,179.99,mammals,aves,na,na
1,Quiscalus quiscula,Strix varia,105.18,711.49,aves,aves,na,na
1,Passerella iliaca,Buteo lagopus,33.25,949.76,aves,aves,na,na
1,Didelphis marsupialis,Haliaeetus leucocephalus,1120.58,4700.58,mammals,aves,na,na
1,Uria lomvia,Corvus corax,963.99,927.97,aves,aves,na,na
1,Tringa flavipes,Bubo virginianus,77.5,1575.7,aves,aves,na,na
1,Sialia mexicana,Buteo albonotatus,26.44,745.92,aves,aves,na,na
1,Icterus galbula,Falco femoralis,32.83,335.76,aves,aves,na,na
1,Phasianus colchicus,Buteo swainsoni,1120.31,946.61,aves,aves,na,na
1,Tamias striatus,Accipiter cooperii,111.91,429.67,mammals,aves,na,na
1,Kinosternon subrubrum,Haliaeetus leucocephalus,112.4009218,4700.58,reptilia,aves,na,na
1,Zonotrichia albicollis,Strix varia,24.4,711.49,aves,aves,na,na
1,Bonasa umbellus,Buteo jamaicensis,530.91,1101.16,aves,aves,na,na
1,Peromyscus leucopus,Accipiter cooperii,19.635,429.67,mammals,aves,na,na
1,Sylvilagus nuttallii,Corvus corax,780.045,927.97,mammals,aves,na,na
1,Branta bernicla,Falco peregrinus,1277.91,759.95,aves,aves,na,na
1,Thomomys talpoides,Lynx rufus,117.54,7647.05,mammals,mammals,na,na
1,Felis silvestris,Canis lupus,4794.995,33591.665,mammals,mammals,na,na
1,Leontopithecus caissara,Spizaetus tyrannus,588.5,1007.11,mammals,aves,na,na
1,Phasianus colchicus,Bubo virginianus,1120.31,1575.7,aves,aves,na,na
1,Aethia cristatella,Haliaeetus leucocephalus,259.36,4700.58,aves,aves,na,na
1,Todiramphus sanctus,Ninox novaeseelandiae,42.34307692,183.37,aves,aves,na,na
1,Neotoma cinerea,Buteo albonotatus,292.575,745.92,mammals,aves,na,na
1,Peromyscus leucopus,Buteo platypterus,19.635,453.65,mammals,aves,na,na
1,Kobus leche,Python natalensis,99074.525,13966.23577,mammals,reptilia,na,na
1,Pelophylax ridibundus,Natrix natrix,69.40625,830.9226872,amphibians,reptilia,na,na
1,Syncerus caffer,Gyps africanus,586501.34,5432.99,mammals,aves,na,na
1,Sceloporus variabilis,Glaucidium brasilianum,9.343522433,75.1,reptilia,aves,na,na
1,Anolis gundlachi,Nesospingus speculiferus,5.802858037,35.2,reptilia,aves,na,na
1,Mustela frenata,Aquila chrysaetos,169,4247.97,mammals,aves,na,na
1,Chaetodipus hispidus,Tyto alba,32,403.32,mammals,aves,na,na
1,Junco hyemalis,Lanius excubitor,19.5,63.41,aves,aves,na,na
1,Axis porcinus,Canis lupus,35759.25,33591.665,mammals,mammals,na,na
1,Megascops asio,Didelphis virginiana,179.99,2332.74,aves,mammals,na,na
1,Aythya marila,Buteo lagopus,1005.37,949.76,aves,aves,na,na
1,Sylvilagus floridanus,Accipiter cooperii,1191.395,429.67,mammals,aves,na,na
1,Martes melampus,Canis lupus,1000,33591.665,mammals,mammals,na,na
1,Loxodonta africana,Panthera leo,3940017.14,160249.53,mammals,mammals,na,na
1,Sturnella loyca,Falco femoralis,113,335.76,aves,aves,na,na
1,Thomomys talpoides,Taxidea taxus,117.54,7473.775,mammals,mammals,na,na
1,Spermophilus franklinii,Buteo lagopus,410.5,949.76,mammals,aves,na,na
1,Mydaus marchei,Homo sapiens,1957.1,58620.315,mammals,mammals,na,na
1,Columbina inca,Bassariscus astutus,47.5,1074.755,aves,mammals,na,na
1,Plecotus rafinesquii,Didelphis virginiana,9.08,2332.74,mammals,mammals,bat,na
1,Pipilo erythrophthalmus,Tyto alba,40.03,403.32,aves,aves,na,na
1,Brachyteles arachnoides,Harpia harpyja,12049.94,4800,mammals,aves,na,na
1,Axis porcinus,Felis chaus,35759.25,7281.49,mammals,mammals,na,na
1,Oxyura jamaicensis,Haliaeetus leucocephalus,608.15,4700.58,aves,aves,na,na
1,Phalacrocorax pelagicus,Haliaeetus leucocephalus,1843.95,4700.58,aves,aves,na,na
1,Branta bernicla,Larus glaucescens,1277.91,1056.54,aves,aves,na,na
1,Passerina cyanea,Falco femoralis,14.69,335.76,aves,aves,na,na
1,Contopus sordidulus,Accipiter striatus,13.1,130.59,aves,aves,na,na
1,Icterus galbula,Bubo virginianus,32.83,1575.7,aves,aves,na,na
1,Thomomys talpoides,Buteo swainsoni,117.54,946.61,mammals,aves,na,na
1,Melursus ursinus,Panthera pardus,96015,52219.11,mammals,mammals,na,na
1,Phrynosoma hernandesi,Asio otus,24.78618667,296.57,reptilia,aves,na,na
1,Pooecetes gramineus,Asio flammeus,25.68,322.61,aves,aves,na,na
1,Caiman crocodilus,Caiman crocodilus,15888.10568,15888.10568,reptilia,reptilia,na,na
1,Tamiasciurus douglasii,Accipiter cooperii,225,429.67,mammals,aves,na,na
1,Sylvilagus nuttallii,Aquila chrysaetos,780.045,4247.97,mammals,aves,na,na
1,Branta bernicla,Stercorarius parasiticus,1277.91,444.31,aves,aves,na,na
1,Colaptes auratus,Buteo regalis,131.46,1437.18,aves,aves,na,na
1,Antrozous pallidus,Asio otus,21.5,296.57,mammals,aves,bat,na
1,Columba livia,Bubo virginianus,354.2,1575.7,aves,aves,na,na
1,Scapanus latimanus,Accipiter gentilis,57.35,866.04,mammals,aves,na,na
1,Neurotrichus gibbsii,Tyto alba,9.17,403.32,mammals,aves,na,na
1,Coluber lateralis,Bubo virginianus,123.6838176,1575.7,reptilia,aves,na,na
1,Pheucticus ludovicianus,Asio flammeus,42,322.61,aves,aves,na,na
1,Microtus montanus,Aegolius acadicus,39.615,100.69,mammals,aves,na,na
1,Taxidea taxus,Cathartes aura,7473.775,1518.24,mammals,aves,na,na
1,Oryctolagus cuniculus,Geranoaetus melanoleucus,1711.11,2378.62,mammals,aves,na,na
1,Lithobates pipiens,Buteo albicaudatus,39.2,885,amphibians,aves,na,na
1,Phasianus colchicus,Accipiter cooperii,1120.31,429.67,aves,aves,na,na
1,Glaucomys volans,Felis silvestris,67.935,4794.995,mammals,mammals,na,na
1,Sturnella magna,Glaucidium brasilianum,91.76,75.1,aves,aves,na,na
1,Tyto alba,Accipiter gentilis,403.32,866.04,aves,aves,na,na
1,Puffinus tenuirostris,Corvus coronoides,559,644.3,aves,aves,na,na
1,Spermophilus townsendii,Circus cyaneus,210,392.98,mammals,aves,na,na
1,Turdus migratorius,Haliaeetus leucocephalus,79.98562144,4700.58,aves,aves,na,na
1,Myodes gapperi,Asio otus,19.83,296.57,mammals,aves,na,na
1,Agelaius phoeniceus,Ardea herodias,50.78,2523.41,aves,aves,na,na
1,Macropus robustus,Canis lupus,23631.25,33591.665,mammals,mammals,na,na
1,Megascops kennicottii,Accipiter cooperii,141.82,429.67,aves,aves,na,na
1,Spermophilus townsendii,Buteo regalis,210,1437.18,mammals,aves,na,na
1,Parascalops breweri,Canis lupus,50.8,33591.665,mammals,mammals,na,na
1,Sylvilagus floridanus,Asio otus,1191.395,296.57,mammals,aves,na,na
1,Junco hyemalis,Tyto alba,19.5,403.32,aves,aves,na,na
1,Microtus montanus,Buteo regalis,39.615,1437.18,mammals,aves,na,na
1,Setophaga ruticilla,Accipiter cooperii,8.24,429.67,aves,aves,na,na
1,Thomomys mazama,Canis lupus,84,33591.665,mammals,mammals,na,na
1,Litocranius walleri,Mellivora capensis,38249.845,8750,mammals,mammals,na,na
1,Peromyscus boylii,Vulpes vulpes,22.625,5158.085,mammals,mammals,na,na
1,Bubo virginianus,Aegolius acadicus,1575.7,100.69,aves,aves,na,na
1,Suncus murinus,Boiga irregularis,51.955,288.3222751,mammals,reptilia,na,na
1,Anolis evermanni,Melanerpes portoricensis,5.197487098,59.86,reptilia,aves,na,na
1,Anolis sagrei,Butorides virescens,4.811134597,201.5,reptilia,aves,na,na
1,Picoides scalaris,Buteo jamaicensis,31.59,1101.16,aves,aves,na,na
1,Apalone ferox,Alligator mississippiensis,4450.09707,60001.02853,reptilia,reptilia,na,na
1,Peromyscus maniculatus,Falco mexicanus,20.69,713.07,mammals,aves,na,na
1,Blarina brevicauda,Accipiter cooperii,23.2,429.67,mammals,aves,na,na
1,Fulica atra,Buteo buteo,717.12,864.34,aves,aves,na,na
1,Eremophila alpestris,Falco mexicanus,33.33,713.07,aves,aves,na,na
1,Bos javanicus,Panthera tigris,626000,162782,mammals,mammals,na,na
1,Perdix perdix,Accipiter gentilis,405.3,866.04,aves,aves,na,na
1,Reithrodontomys megalotis,Buteo jamaicensis,10.035,1101.16,mammals,aves,na,na
1,Lagopus leucura,Falco mexicanus,354.97,713.07,aves,aves,na,na
1,Hirundo rustica,Ardea herodias,17.91,2523.41,aves,aves,na,na
1,Eremophila alpestris,Buteo regalis,33.33,1437.18,aves,aves,na,na
1,Sciurus niger,Strix varia,761.9,711.49,mammals,aves,na,na
1,Uta stansburiana,Crotalus oreganus,5.343522433,652.8298242,reptilia,reptilia,na,na
1,Chen canagica,Aquila chrysaetos,2136.49,4247.97,aves,aves,na,na
1,Bubulcus ibis,Haliaeetus leucocephalus,365.95,4700.58,aves,aves,na,na
1,Procyon lotor,Buteo jamaicensis,5947.485,1101.16,mammals,aves,na,na
1,Zenaida macroura,Buteo jamaicensis,118.93,1101.16,aves,aves,na,na
1,Anas strepera,Homo sapiens,915.58,58620.315,aves,mammals,na,na
1,Megascops asio,Bassariscus astutus,179.99,1074.755,aves,mammals,na,na
1,Eleutherodactylus portoricensis,Seiurus aurocapilla,3.7,18.8,amphibians,aves,na,na
1,Sigmodon hispidus,Strix varia,101.69,711.49,mammals,aves,na,na
1,Anolis noblei,Cyanocitta cristata,53.61213607,88,reptilia,aves,na,na
1,Anolis evermanni,Icterus dominicensis,5.197487098,35.74,reptilia,aves,na,na
1,Sorex araneus,Tyto alba,9.415,403.32,mammals,aves,na,na
1,Falco sparverius,Bubo virginianus,114.61,1575.7,aves,aves,na,na
1,Rallus limicola,Haliaeetus leucocephalus,84.1,4700.58,aves,aves,na,na
1,Corvus corax,Corvus corax,927.97,927.97,aves,aves,na,na
1,Xenopus laevis,Bostrychia hagedash,89.40367992,1238,amphibians,aves,na,na
1,Abrocoma bennettii,Tyto alba,250.75,403.32,mammals,aves,na,na
1,Dipodomys microps,Canis latrans,55.45,12703.165,mammals,mammals,na,na
1,Tetracerus quadricornis,Panthera tigris,19050,162782,mammals,mammals,na,na
1,Microtus montanus,Aegolius funereus,39.615,137.18,mammals,aves,na,na
1,Myotis lucifugus,Buteo jamaicensis,7.71,1101.16,mammals,aves,bat,na
1,Podiceps grisegena,Falco peregrinus,1023,759.95,aves,aves,na,na
1,Accipiter cooperii,Buteogallus anthracinus,429.67,975.09,aves,aves,na,na
1,Mycteria americana,Procyon lotor,2554.47,5947.485,aves,mammals,na,na
1,Mimus polyglottos,Glaucidium brasilianum,47.6602606,75.1,aves,aves,na,na
1,Troglodytes aedon,Falco femoralis,10.85,335.76,aves,aves,na,na
1,Rattus fuscipes,Canis lupus,129,33591.665,mammals,mammals,na,na
1,Macropus bernardus,Canis lupus,17000,33591.665,mammals,mammals,na,na
1,Catharus guttatus,Accipiter striatus,26.31579199,130.59,aves,aves,na,na
1,Anolis evermanni,Herpestes javanicus,5.197487098,757.5,reptilia,mammals,na,na
1,Ondatra zibethicus,Bubo virginianus,1028.875,1575.7,mammals,aves,na,na
1,Zonotrichia leucophrys,Falco mexicanus,28,713.07,aves,aves,na,na
1,Chordeiles minor,Vulpes vulpes,79.3,5158.085,aves,mammals,na,na
1,Varanus niloticus,Polemaetus bellicosus,4312.601324,3964.54,reptilia,aves,na,na
1,Procyon lotor,Martes pennanti,5947.485,3875,mammals,mammals,na,na
1,Empidonax hammondii,Accipiter striatus,10.44,130.59,aves,aves,na,na
1,Myodes gapperi,Buteo lineatus,19.83,603.72,mammals,aves,na,na
1,Larus hyperboreus,Haliaeetus leucocephalus,1529.04,4700.58,aves,aves,na,na
1,Funambulus pennantii,Accipiter badius,151,131.15,mammals,aves,na,na
1,Pluvialis apricaria,Accipiter gentilis,214,866.04,aves,aves,na,na
1,Gallinula chloropus,Quiscalus major,339.63,151.21,aves,aves,na,na
1,Thomomys townsendii,Tyto alba,263.175,403.32,mammals,aves,na,na
1,Geococcyx californianus,Aquila chrysaetos,291.6055556,4247.97,aves,aves,na,na
1,Microtus xanthognathus,Strix nebulosa,109.225,1061.89,mammals,aves,na,na
1,Scalopus aquaticus,Bubo virginianus,88.93,1575.7,mammals,aves,na,na
1,Sceloporus olivaceus,Geococcyx californianus,28.96330902,291.6055556,reptilia,aves,na,na
1,Megaceryle alcyon,Haliaeetus leucocephalus,146.4391736,4700.58,aves,aves,na,na
1,Chen canagica,Stercorarius parasiticus,2136.49,444.31,aves,aves,na,na
1,Microtus pennsylvanicus,Accipiter cooperii,39.625,429.67,mammals,aves,na,na
1,Diadophis punctatus,Aphelocoma californica,47.81807872,85.74,reptilia,aves,na,na
1,Marmota monax,Canis latrans,3840.86,12703.165,mammals,mammals,na,na
1,Euphonia musica,Accipiter striatus,14.66,130.59,aves,aves,na,na
1,Zapus princeps,Strix nebulosa,28.1,1061.89,mammals,aves,na,na
1,Branta canadensis,Canis lupus,2811.68,33591.665,aves,mammals,na,na
1,Aethia cristatella,Homo sapiens,259.36,58620.315,aves,mammals,na,na
1,Turdus migratorius,Bubo virginianus,79.98562144,1575.7,aves,aves,na,na
1,Mus musculus,Glaucidium brasilianum,17.775,75.1,mammals,aves,na,na
1,Macropus agilis,Canis lupus,13450,33591.665,mammals,mammals,na,na
1,Geococcyx californianus,Accipiter cooperii,291.6055556,429.67,aves,aves,na,na
1,Ondatra zibethicus,Aquila chrysaetos,1028.875,4247.97,mammals,aves,na,na
1,Anas strepera,Canis latrans,915.58,12703.165,aves,mammals,na,na
1,Sus scrofa,Coragyps atratus,90309.045,1758.195926,mammals,aves,na,na
1,Aythya affinis,Haliaeetus leucocephalus,819.45,4700.58,aves,aves,na,na
1,Emberiza citrinella,Aegolius funereus,29.7,137.18,aves,aves,na,na
1,Anolis gundlachi,Herpestes javanicus,5.802858037,757.5,reptilia,mammals,na,na
1,Mus musculus,Lanius excubitor,17.775,63.41,mammals,aves,na,na
1,Cardinalis cardinalis,Agkistrodon piscivorus,42.64,973.1883289,aves,reptilia,na,na
1,Spermophilus townsendii,Bubo virginianus,210,1575.7,mammals,aves,na,na
1,Pitangus sulphuratus,Falco femoralis,62.85,335.76,aves,aves,na,na
1,Euphagus cyanocephalus,Falco sparverius,62.48,114.61,aves,aves,na,na
1,Eremophila alpestris,Asio otus,33.33,296.57,aves,aves,na,na
1,Alligator mississippiensis,Procyon lotor,60001.02853,5947.485,reptilia,mammals,na,na
1,Cervus alfredi,Homo sapiens,45800,58620.315,mammals,mammals,na,na
1,Dendroica palmarum,Accipiter cooperii,10.3,429.67,aves,aves,na,na
1,Patagioenas squamosa,Buteo jamaicensis,312,1101.16,aves,aves,na,na
1,Anolis sagrei,Coluber constrictor,4.811134597,208.8797407,reptilia,reptilia,na,na
1,Cynomys leucurus,Falco mexicanus,936.245,713.07,mammals,aves,na,na
1,Mus musculus,Felis silvestris,17.775,4794.995,mammals,mammals,na,na
1,Spizella pusilla,Asio otus,12.5,296.57,aves,aves,na,na
1,Rangifer tarandus,Ursus americanus,97016.99,105474.68,mammals,mammals,na,na
1,Thomomys talpoides,Ursus arctos,117.54,188260.21,mammals,mammals,na,na
1,Colaptes auratus,Haliaeetus leucocephalus,131.46,4700.58,aves,aves,na,na
1,Aegolius acadicus,Accipiter gentilis,100.69,866.04,aves,aves,na,na
1,Clangula hyemalis,Falco rusticolus,871,1431.72,aves,aves,na,na
1,Nucifraga columbiana,Buteo jamaicensis,129.81,1101.16,aves,aves,na,na
1,Accipiter striatus,Haliaeetus leucocephalus,130.59,4700.58,aves,aves,na,na
1,Sus scrofa,Ursus arctos,90309.045,188260.21,mammals,mammals,na,na
1,Lemmiscus curtatus,Taxidea taxus,28.285,7473.775,mammals,mammals,na,na
1,Neotoma cinerea,Strix varia,292.575,711.49,mammals,aves,na,na
1,Cervus unicolor,Homo sapiens,176000,58620.315,mammals,mammals,na,na
1,Anas acuta,Homo sapiens,944.62,58620.315,aves,mammals,na,na
1,Microtus californicus,Aquila chrysaetos,57.41,4247.97,mammals,aves,na,na
1,Sigmodon hispidus,Asio flammeus,101.69,322.61,mammals,aves,na,na
1,Larus glaucescens,Falco peregrinus,1056.54,759.95,aves,aves,na,na
1,Tamias minimus,Ursus arctos,89.085,188260.21,mammals,mammals,na,na
1,Peromyscus polionotus,Vulpes vulpes,13.625,5158.085,mammals,mammals,na,na
1,Quiscalus quiscula,Bubo virginianus,105.18,1575.7,aves,aves,na,na
1,Spermophilus townsendii,Accipiter gentilis,210,866.04,mammals,aves,na,na
1,Arborimus longicaudus,Procyon lotor,21.8,5947.485,mammals,mammals,na,na
1,Colinus virginianus,Accipiter cooperii,177.6874419,429.67,aves,aves,na,na
1,Erethizon dorsatum,Ursus arctos,7252.665,188260.21,mammals,mammals,na,na
1,Spermophilus richardsonii,Falco mexicanus,365.5,713.07,mammals,aves,na,na
1,Sorex minutissimus,Strix nebulosa,2.46,1061.89,mammals,aves,na,na
1,Eremophila alpestris,Buteo swainsoni,33.33,946.61,aves,aves,na,na
1,Corvus caurinus,Procyon lotor,390.79,5947.485,aves,mammals,na,na
1,Marmota broweri,Canis lupus,3405,33591.665,mammals,mammals,na,na
1,Panthera leo,Panthera leo,160249.53,160249.53,mammals,mammals,na,na
1,Chrysemys picta,Aquila chrysaetos,614.624445,4247.97,reptilia,aves,na,na
1,Sturnus vulgaris,Accipiter gentilis,77.14,866.04,aves,aves,na,na
1,Scalopus aquaticus,Buteo lineatus,88.93,603.72,mammals,aves,na,na
1,Clethrionomys rutilus,Buteo jamaicensis,19.9,1101.16,mammals,aves,na,na
1,Peromyscus maniculatus,Asio otus,20.69,296.57,mammals,aves,na,na
1,Odocoileus hemionus,Aquila chrysaetos,69006.285,4247.97,mammals,aves,na,na
1,Tamiasciurus hudsonicus,Surnia ulula,200.585,319.9,mammals,aves,na,na
1,Aythya marila,Bubo virginianus,1005.37,1575.7,aves,aves,na,na
1,Petrogale assimilis,Vulpes vulpes,4575,5158.085,mammals,mammals,na,na
1,Garrulus glandarius,Accipiter gentilis,159.46,866.04,aves,aves,na,na
1,Sigmodon fulviventer,Falco sparverius,205,114.61,mammals,aves,na,na
1,Callosciurus prevostii,Martes flavigula,380.73,2171.25,mammals,mammals,na,na
1,Abrothrix longipilis,Elanus leucurus,38.86,346,mammals,aves,na,na
1,Hyla cinerea,Osteopilus septentrionalis,8.637087912,11.11,amphibians,amphibians,na,na
1,Abrothrix longipilis,Tyto alba,38.86,403.32,mammals,aves,na,na
1,Marmota monax,Canis lupus,3840.86,33591.665,mammals,mammals,na,na
1,Muntiacus vuquangensis,Cuon alpinus,36690.82,15036.665,mammals,mammals,na,na
1,Sus verrucosus,Homo sapiens,85125,58620.315,mammals,mammals,na,na
1,Hirundo rustica,Dolichophis caspius,17.91,386.559676,aves,reptilia,na,na
1,Lepus americanus,Aquila chrysaetos,1640.01,4247.97,mammals,aves,na,na
1,Baeolophus bicolor,Buteo platypterus,21.6,453.65,aves,aves,na,na
1,Lepus californicus,Buteo lagopus,2421.24,949.76,mammals,aves,na,na
1,Lithobates sylvaticus,Strix nebulosa,16,1061.89,amphibians,aves,na,na
1,Pseudacris regilla,Taricha torosa,5.6,10.955,amphibians,amphibians,na,na
1,Octodon degus,Falco sparverius,206.5,114.61,mammals,aves,na,na
1,Scalopus aquaticus,Buteo platypterus,88.93,453.65,mammals,aves,na,na
1,Lithobates pipiens,Strix varia,39.2,711.49,amphibians,aves,na,na
1,Microtus montanus,Asio otus,39.615,296.57,mammals,aves,na,na
1,Onychomys leucogaster,Buteo lagopus,27.91,949.76,mammals,aves,na,na
1,Peromyscus maniculatus,Strix nebulosa,20.69,1061.89,mammals,aves,na,na
1,Phasianus colchicus,Didelphis virginiana,1120.31,2332.74,aves,mammals,na,na
1,Hippotragus niger,Panthera pardus,230749.635,52219.11,mammals,mammals,na,na
1,Turdus migratorius,Megascops asio,79.98562144,179.99,aves,aves,na,na
1,Ammospermophilus leucurus,Aquila chrysaetos,103.835,4247.97,mammals,aves,na,na
1,Pipilo maculatus,Bubo virginianus,39.28,1575.7,aves,aves,na,na
1,Corvus caurinus,Felis silvestris,390.79,4794.995,aves,mammals,na,na
1,Anolis sagrei,Bubulcus ibis,4.811134597,365.95,reptilia,aves,na,na
1,Anguis veronensis,Coronella austriaca,18.71931779,28.37342697,reptilia,reptilia,na,na
1,Dermochelys coriacea,Corvus ossifragus,160446.1114,284.6,reptilia,aves,na,na
1,Bos javanicus,Cuon alpinus,626000,15036.665,mammals,mammals,na,na
1,Microtus pinetorum,Aegolius acadicus,26.14,100.69,mammals,aves,na,na
1,Rattus rattus,Accipiter cooperii,186.065,429.67,mammals,aves,na,na
1,Pinicola enucleator,Glaucidium gnoma,56.4,61.25,aves,aves,na,na
1,Aegolius acadicus,Bubo virginianus,100.69,1575.7,aves,aves,na,na
1,Larus canus,Accipiter gentilis,412.53,866.04,aves,aves,na,na
1,Anser albifrons,Ursus maritimus,2506.39,381875.18,aves,mammals,na,na
1,Icterus bullockii,Bubo virginianus,34.29533613,1575.7,aves,aves,na,na
1,Tachycineta thalassina,Accipiter striatus,14.14,130.59,aves,aves,na,na
1,Tympanuchus phasianellus,Bubo virginianus,882.38,1575.7,aves,aves,na,na
1,Arizona elegans,Buteo jamaicensis,177.6044434,1101.16,reptilia,aves,na,na
1,Melanerpes lewis,Aquila chrysaetos,105.76,4247.97,aves,aves,na,na
1,Acris blanchardi,Thamnophis proximus,3.8,195.0265448,amphibians,reptilia,na,na
1,Perameles nasuta,Canis lupus,847.5,33591.665,mammals,mammals,na,na
1,Bufo bufo,Natrix natrix,108.5856303,830.9226872,amphibians,reptilia,na,na
1,Allocebus trichotis,Homo sapiens,78.2,58620.315,mammals,mammals,na,na
1,Parascalops breweri,Vulpes vulpes,50.8,5158.085,mammals,mammals,na,na
1,Colaptes auratus,Accipiter cooperii,131.46,429.67,aves,aves,na,na
1,Litocranius walleri,Panthera pardus,38249.845,52219.11,mammals,mammals,na,na
1,Anthus spragueii,Buteo regalis,25.5,1437.18,aves,aves,na,na
1,Lanius ludovicianus,Falco sparverius,51.59,114.61,aves,aves,na,na
1,Bombycilla cedrorum,Lithobates catesbeianus,31.58,312.7083338,aves,amphibians,na,na
1,Pooecetes gramineus,Falco femoralis,25.68,335.76,aves,aves,na,na
1,Condylura cristata,Agkistrodon contortrix,65.55,400.4694576,mammals,reptilia,na,na
1,Iguana iguana,Glaucidium brasilianum,1864.475555,75.1,reptilia,aves,na,na
1,Anolis gundlachi,Buteo platypterus,5.802858037,453.65,reptilia,aves,na,na
1,Ondatra zibethicus,Lontra canadensis,1028.875,8088.71,mammals,mammals,na,na
1,Colinus virginianus,Cathartes aura,177.6874419,1518.24,aves,aves,na,na
1,Pygathrix nemaeus,Homo sapiens,8930,58620.315,mammals,mammals,na,na
1,Rattus leucopus,Canis lupus,186.365,33591.665,mammals,mammals,na,na
1,Melanerpes lewis,Accipiter cooperii,105.76,429.67,aves,aves,na,na
1,Anolis stratulus,Margarops fuscatus,2.261662579,98.43,reptilia,aves,na,na
1,Gallus gallus,Coragyps atratus,751.72,1758.195926,aves,aves,na,na
1,Corvus albus,Acrantophis dumerili,524,877.0845237,aves,reptilia,na,na
1,Spermophilus beecheyi,Aquila chrysaetos,588.25,4247.97,mammals,aves,na,na
1,Agelaius phoeniceus,Buteo lineatus,50.78,603.72,aves,aves,na,na
1,Larus californicus,Bubo virginianus,683.39,1575.7,aves,aves,na,na
1,Sigmodon hispidus,Haliaeetus leucocephalus,101.69,4700.58,mammals,aves,na,na
1,Setophaga ruticilla,Megascops nudipes,8.24,137.34,aves,aves,na,na
1,Stellagama stellio,Halcyon smyrnensis,121.8964673,91.4,reptilia,aves,na,na
1,Phalacrocorax auritus,Aquila chrysaetos,1806.49,4247.97,aves,aves,na,na
1,Oryctolagus cuniculus,Haliaeetus leucocephalus,1711.11,4700.58,mammals,aves,na,na
1,Pooecetes gramineus,Buteo jamaicensis,25.68,1101.16,aves,aves,na,na
1,Solenodon paradoxus,Canis lupus,893.5,33591.665,mammals,mammals,na,na
1,Brotogeris versicolurus,Falco deiroleucus,71.53,459.56,aves,aves,na,na
1,Gallinula chloropus,Procyon lotor,339.63,5947.485,aves,mammals,na,na
1,Rynchops niger,Corvus ossifragus,297.73,284.6,aves,aves,na,na
1,Spermophilus beecheyi,Canis lupus,588.25,33591.665,mammals,mammals,na,na
1,Macropus parryi,Canis lupus,13100,33591.665,mammals,mammals,na,na
1,Thamnophis butleri,Lampropeltis triangulum,42.2969156,206.289758,reptilia,reptilia,na,na
1,Glaucomys sabrinus,Canis latrans,152,12703.165,mammals,mammals,na,na
1,Anas crecca,Haliaeetus leucocephalus,341.89,4700.58,aves,aves,na,na
1,Nannospalax ehrenbergi,Asio otus,180,296.57,mammals,aves,na,na
1,Sus scrofa,Vulpes vulpes,90309.045,5158.085,mammals,mammals,na,na
1,Amblyrhynchus cristatus,Amblyrhynchus cristatus,2002.51452,2002.51452,reptilia,reptilia,na,na
1,Octodon degus,Buteo polyosoma,206.5,782.61,mammals,aves,na,na
1,Rattus rattus,Buteo platypterus,186.065,453.65,mammals,aves,na,na
1,Chaetodipus penicillatus,Canis latrans,15.945,12703.165,mammals,mammals,na,na
1,Elanus axillaris,Aquila chrysaetos,270.1,4247.97,aves,aves,na,na
1,Corvus brachyrhynchos,Strix varia,448.76,711.49,aves,aves,na,na
1,Rallus limicola,Megascops asio,84.1,179.99,aves,aves,na,na
1,Plectrophenax nivalis,Falco columbarius,42.2,188.5,aves,aves,na,na
1,Spermophilus franklinii,Buteo jamaicensis,410.5,1101.16,mammals,aves,na,na
1,Arvicola amphibius,Accipiter gentilis,120,866.04,mammals,aves,na,na
1,Opheodrys aestivus,Elanoides forficatus,66.41762258,416.24,reptilia,aves,na,na
1,Peromyscus maniculatus,Accipiter striatus,20.69,130.59,mammals,aves,na,na
1,Lepus arcticus,Vulpes lagopus,4417.52,3584.37,mammals,mammals,na,na
1,Microtus ochrogaster,Aegolius acadicus,40.255,100.69,mammals,aves,na,na
1,Fratercula arctica,Ursus maritimus,593.01,381875.18,aves,mammals,na,na
1,Storeria occipitomaculata,Buteo platypterus,7.358581925,453.65,reptilia,aves,na,na
1,Lepus townsendii,Haliaeetus leucocephalus,2467.5,4700.58,mammals,aves,na,na
1,Leptotila verreauxi,Haliaeetus leucocephalus,146.88,4700.58,aves,aves,na,na
1,Selasphorus rufus,Accipiter striatus,3.5,130.59,aves,aves,na,na
1,Alces alces,Canis lupus,418999.08,33591.665,mammals,mammals,na,na
1,Redunca arundinum,Panthera pardus,57850.135,52219.11,mammals,mammals,na,na
1,Cervus nippon,Panthera tigris,53000,162782,mammals,mammals,na,na
1,Microtus townsendii,Tyto alba,58.425,403.32,mammals,aves,na,na
1,Tyrannus vociferans,Buteogallus anthracinus,45.6,975.09,aves,aves,na,na
1,Anas acuta,Canis latrans,944.62,12703.165,aves,mammals,na,na
1,Spindalis zena,Buteo platypterus,25.36,453.65,aves,aves,na,na
1,Junco hyemalis,Asio flammeus,19.5,322.61,aves,aves,na,na
1,Eleutherodactylus coqui,Vireo altiloquus,4.073333333,18.97,amphibians,aves,na,na
1,Storeria occipitomaculata,Procyon lotor,7.358581925,5947.485,reptilia,mammals,na,na
1,Myodes gapperi,Accipiter cooperii,19.83,429.67,mammals,aves,na,na
1,Contopus cooperi,Accipiter cooperii,32.1,429.67,aves,aves,na,na
1,Cryptotis parva,Aegolius acadicus,4.915,100.69,mammals,aves,na,na
1,Lampropeltis calligaster,Buteo platypterus,106.9289396,453.65,reptilia,aves,na,na
1,Aspidoscelis tigris,Geococcyx californianus,24.30616205,291.6055556,reptilia,aves,na,na
1,Tamias striatus,Tyto alba,111.91,403.32,mammals,aves,na,na
1,Myotis grisescens,Vulpes vulpes,10.67,5158.085,mammals,mammals,bat,na
1,Pseudaspis cana,Cynictis penicillata,551.6303688,765.005,reptilia,mammals,na,na
1,Dipsosaurus dorsalis,Falco mexicanus,60.76284122,713.07,reptilia,aves,na,na
1,Cyanocitta stelleri,Aquila chrysaetos,128,4247.97,aves,aves,na,na
1,Myodes glareolus,Vulpes vulpes,20.73,5158.085,mammals,mammals,na,na
1,Pheucticus ludovicianus,Buteo platypterus,42,453.65,aves,aves,na,na
1,Ondatra zibethicus,Buteo swainsoni,1028.875,946.61,mammals,aves,na,na
1,Dendroica petechia,Mephitis mephitis,10.22,2242.51,aves,mammals,na,na
1,Glaucomys volans,Lynx rufus,67.935,7647.05,mammals,mammals,na,na
1,Anas platyrhynchos,Haliaeetus leucocephalus,843.42,4700.58,aves,aves,na,na
1,Ondatra zibethicus,Haliaeetus leucocephalus,1028.875,4700.58,mammals,aves,na,na
1,Ovis aries,Threskiornis aethiopicus,42100,1493.18,mammals,aves,na,na
1,Icterus dominicensis,Buteo jamaicensis,35.74,1101.16,aves,aves,na,na
1,Rana draytonii,Ardea herodias,77.7,2523.41,amphibians,aves,na,na
1,Perdix perdix,Bubo virginianus,405.3,1575.7,aves,aves,na,na
1,Anolis evermanni,Anolis cuvieri,5.197487098,46.523015,reptilia,reptilia,na,na
1,Sturnella neglecta,Bubo virginianus,100.06,1575.7,aves,aves,na,na
1,Asio otus,Aquila chrysaetos,296.57,4247.97,aves,aves,na,na
1,Uta stansburiana,Gambelia wislizenii,5.343522433,39.07835863,reptilia,reptilia,na,na
1,Picoides pubescens,Megascops asio,25.55,179.99,aves,aves,na,na
1,Mus musculus,Buteo lineatus,17.775,603.72,mammals,aves,na,na
1,Aythya collaris,Haliaeetus leucocephalus,704.55,4700.58,aves,aves,na,na
1,Troglodytes aedon,Megascops asio,10.85,179.99,aves,aves,na,na
1,Sayornis phoebe,Pantherophis alleghaniensis,19.12880534,410.588429,aves,reptilia,na,na
1,Somateria mollissima,Branta canadensis,2060.93,2811.68,aves,aves,na,na
1,Neurotrichus gibbsii,Canis lupus,9.17,33591.665,mammals,mammals,na,na
1,Atractus werneri,Erythrolamprus bizona,7.162319889,65.73062799,reptilia,reptilia,na,na
1,Sialia currucoides,Accipiter striatus,29.6,130.59,aves,aves,na,na
1,Nyctidromus albicollis,Cathartes aura,57.84,1518.24,aves,aves,na,na
1,Hemitragus hylocrius,Panthera tigris,74350,162782,mammals,mammals,na,na
1,Parascalops breweri,Buteo platypterus,50.8,453.65,mammals,aves,na,na
1,Anas americana,Mephitis mephitis,754.61,2242.51,aves,mammals,na,na
1,Limnodromus griseus,Asio flammeus,110.53,322.61,aves,aves,na,na
1,Larus canus,Falco rusticolus,412.53,1431.72,aves,aves,na,na
1,Paguma larvata,Panthera tigris,4300,162782,mammals,mammals,na,na
1,Pituophis catenifer,Buteo swainsoni,497.1560436,946.61,reptilia,aves,na,na
1,Mycteria americana,Haliaeetus leucocephalus,2554.47,4700.58,aves,aves,na,na
1,Quiscalus quiscula,Haliaeetus leucocephalus,105.18,4700.58,aves,aves,na,na
1,Spermophilus washingtoni,Pituophis melanoleucus,211.25,315.2912209,mammals,reptilia,na,na
1,Peromyscus aztecus,Canis latrans,37,12703.165,mammals,mammals,na,na
1,Cyanocitta stelleri,Accipiter striatus,128,130.59,aves,aves,na,na
1,Cyrtonyx montezumae,Homo sapiens,185.38,58620.315,aves,mammals,na,na
1,Anas americana,Spermophilus franklinii,754.61,410.5,aves,mammals,na,na
1,Charadrius semipalmatus,Larus argentatus,46.74,1090.99,aves,aves,na,na
1,Tympanuchus phasianellus,Buteo jamaicensis,882.38,1101.16,aves,aves,na,na
1,Cardinalis sinuatus,Falco femoralis,35.19,335.76,aves,aves,na,na
1,Parabuteo unicinctus,Canis latrans,850.28,12703.165,aves,mammals,na,na
1,Hirundo rustica,Buteo jamaicensis,17.91,1101.16,aves,aves,na,na
1,Blarina brevicauda,Strix nebulosa,23.2,1061.89,mammals,aves,na,na
1,Branta canadensis,Homo sapiens,2811.68,58620.315,aves,mammals,na,na
1,Crotalus oreganus,Buteo jamaicensis,652.8298242,1101.16,reptilia,aves,na,na
1,Melanerpes portoricensis,Buteo platypterus,59.86,453.65,aves,aves,na,na
1,Reithrodontomys megalotis,Tyto alba,10.035,403.32,mammals,aves,na,na
1,Peromyscus gossypinus,Mephitis mephitis,28.545,2242.51,mammals,mammals,na,na
1,Molothrus ater,Falco sparverius,42.02651747,114.61,aves,aves,na,na
1,Piranga ludoviciana,Falco mexicanus,28.1,713.07,aves,aves,na,na
1,Sus verrucosus,Panthera tigris,85125,162782,mammals,mammals,na,na
1,Micrathene whitneyi,Bassariscus astutus,41,1074.755,aves,mammals,na,na
1,Cygnus columbianus,Larus hyperboreus,6377.96,1529.04,aves,aves,na,na
1,Vireo altiloquus,Buteo platypterus,18.97,453.65,aves,aves,na,na
1,Coccyzus americanus,Buteo platypterus,64,453.65,aves,aves,na,na
1,Lontra canadensis,Lynx rufus,8088.71,7647.05,mammals,mammals,na,na
1,Sceloporus scalaris,Falco sparverius,5.890300031,114.61,reptilia,aves,na,na
1,Turdus migratorius,Strix varia,79.98562144,711.49,aves,aves,na,na
1,Colinus virginianus,Tyto alba,177.6874419,403.32,aves,aves,na,na
1,Butorides virescens,Procyon lotor,201.5,5947.485,aves,mammals,na,na
1,Thamnophis butleri,Corvus brachyrhynchos,42.2969156,448.76,reptilia,aves,na,na
1,Peromyscus gossypinus,Asio otus,28.545,296.57,mammals,aves,na,na
1,Scapanus orarius,Tyto alba,60.95,403.32,mammals,aves,na,na
1,Sturnella neglecta,Haliaeetus leucocephalus,100.06,4700.58,aves,aves,na,na
1,Mus musculus,Aegolius acadicus,17.775,100.69,mammals,aves,na,na
1,Lepus townsendii,Bubo virginianus,2467.5,1575.7,mammals,aves,na,na
1,Euphagus cyanocephalus,Accipiter cooperii,62.48,429.67,aves,aves,na,na
1,Turdus migratorius,Asio otus,79.98562144,296.57,aves,aves,na,na
1,Thylamys elegans,Tyto alba,28.9,403.32,mammals,aves,na,na
1,Napaeozapus insignis,Buteo jamaicensis,22.25,1101.16,mammals,aves,na,na
1,Spizella pusilla,Aegolius acadicus,12.5,100.69,aves,aves,na,na
1,Streptopelia decaocto,Accipiter striatus,148.96,130.59,aves,aves,na,na
1,Spermophilus townsendii,Tyto alba,210,403.32,mammals,aves,na,na
1,Ptychoramphus aleuticus,Larus glaucescens,184,1056.54,aves,aves,na,na
1,Reithrodontomys megalotis,Buteo platypterus,10.035,453.65,mammals,aves,na,na
1,Tamias dorsalis,Crotalus viridis,67.4,679.1396015,mammals,reptilia,na,na
1,Lithobates sphenocephalus,Lanius ludovicianus,37.425,51.59,amphibians,aves,na,na
1,Aythya marila,Larus hyperboreus,1005.37,1529.04,aves,aves,na,na
1,Hyla cinerea,Lanius ludovicianus,8.637087912,51.59,amphibians,aves,na,na
1,Nucifraga columbiana,Buteo swainsoni,129.81,946.61,aves,aves,na,na
1,Dendroica angelae,Accipiter striatus,7.7,130.59,aves,aves,na,na
1,Muscardinus avellanarius,Tyto alba,28.35,403.32,mammals,aves,na,na
1,Nucifraga columbiana,Accipiter gentilis,129.81,866.04,aves,aves,na,na
1,Calcarius lapponicus,Buteo lagopus,27.84,949.76,aves,aves,na,na
1,Sitta pygmaea,Accipiter striatus,10.6,130.59,aves,aves,na,na
1,Dumetella carolinensis,Accipiter striatus,35.3,130.59,aves,aves,na,na
1,Zapus trinotatus,Accipiter cooperii,27.5,429.67,mammals,aves,na,na
1,Blarina brevicauda,Tyto alba,23.2,403.32,mammals,aves,na,na
1,Passerina caerulea,Haliaeetus leucocephalus,27.39,4700.58,aves,aves,na,na
1,Sitta pygmaea,Tamiasciurus hudsonicus,10.6,200.585,aves,mammals,na,na
1,Perognathus parvus,Aquila chrysaetos,21.59,4247.97,mammals,aves,na,na
1,Spermophilus tridecemlineatus,Buteo lagopus,153.335,949.76,mammals,aves,na,na
1,Lagopus lagopus,Accipiter gentilis,566.86,866.04,aves,aves,na,na
1,Eulemur rubriventer,Canis lupus,1720,33591.665,mammals,mammals,na,na
1,Parascalops breweri,Tyto alba,50.8,403.32,mammals,aves,na,na
1,Margarops fuscatus,Buteo jamaicensis,98.43,1101.16,aves,aves,na,na
1,Myodes gapperi,Aegolius funereus,19.83,137.18,mammals,aves,na,na
1,Melospiza melodia,Accipiter cooperii,21.91,429.67,aves,aves,na,na
1,Sitta canadensis,Cyanocitta stelleri,9.8,128,aves,aves,na,na
1,Patagioenas fasciata,Haliaeetus leucocephalus,366.3,4700.58,aves,aves,na,na
1,Dryocopus pileatus,Accipiter gentilis,286.59,866.04,aves,aves,na,na
1,Peromyscus aztecus,Tyto alba,37,403.32,mammals,aves,na,na
1,Pelea capreolus,Lycaon pictus,21250,22025.035,mammals,mammals,na,na
1,Junco hyemalis,Accipiter cooperii,19.5,429.67,aves,aves,na,na
1,Raphicerus melanotis,Panthera pardus,10324.955,52219.11,mammals,mammals,na,na
1,Redunca arundinum,Homo sapiens,57850.135,58620.315,mammals,mammals,na,na
1,Aechmophorus occidentalis,Aquila chrysaetos,1136.95,4247.97,aves,aves,na,na
1,Parascalops breweri,Strix nebulosa,50.8,1061.89,mammals,aves,na,na
1,Meleagris gallopavo,Coragyps atratus,5791.37,1758.195926,aves,aves,na,na
1,Molothrus aeneus,Falco femoralis,62.61,335.76,aves,aves,na,na
1,Microtus californicus,Tyto alba,57.41,403.32,mammals,aves,na,na
1,Perognathus parvus,Falco mexicanus,21.59,713.07,mammals,aves,na,na
1,Anaxyrus americanus,Buteo platypterus,89.35,453.65,amphibians,aves,na,na
1,Sitta canadensis,Troglodytes aedon,9.8,10.85,aves,aves,na,na
1,Pituophis catenifer,Urocyon cinereoargenteus,497.1560436,3831.86,reptilia,mammals,na,na
1,Reithrodontomys megalotis,Vulpes velox,10.035,2168.755,mammals,mammals,na,na
1,Marmota flaviventris,Falco mexicanus,3529.98,713.07,mammals,aves,na,na
1,Blarina brevicauda,Vulpes vulpes,23.2,5158.085,mammals,mammals,na,na
1,Tamias amoenus,Aegolius funereus,50.6,137.18,mammals,aves,na,na
1,Felis catus,Haliaeetus leucocephalus,2884.8,4700.58,mammals,aves,na,na
1,Myodes gapperi,Glaucidium gnoma,19.83,61.25,mammals,aves,na,na
1,Eremophila alpestris,Felis silvestris,33.33,4794.995,aves,mammals,na,na
1,Caretta caretta,Procyon lotor,48031.4884,5947.485,reptilia,mammals,na,na
1,Hemidactylus mabouia,Dipsadoboa aulica,5.796908734,22.29210927,reptilia,reptilia,na,na
1,Anolis gundlachi,Vireo latimeri,5.802858037,12,reptilia,aves,na,na
1,Myodes gapperi,Buteo platypterus,19.83,453.65,mammals,aves,na,na
1,Dipodomys ordii,Buteo swainsoni,55.4,946.61,mammals,aves,na,na
1,Tamias striatus,Buteo jamaicensis,111.91,1101.16,mammals,aves,na,na
1,Plecotus auritus,Felis silvestris,7.975,4794.995,mammals,mammals,bat,na
1,Tyto alba,Bubo bubo,403.32,2668.51,aves,aves,na,na
1,Dendrolagus lumholtzi,Canis lupus,6700,33591.665,mammals,mammals,na,na
1,Thomomys townsendii,Corvus corax,263.175,927.97,mammals,aves,na,na
1,Perognathus parvus,Asio flammeus,21.59,322.61,mammals,aves,na,na
1,Colaptes auratus,Falco peregrinus,131.46,759.95,aves,aves,na,na
1,Pachyptila salvini,Phoebetria fusca,159,2553.66,aves,aves,na,na
1,Sialia mexicana,Cathartes aura,26.44,1518.24,aves,aves,na,na
1,Bonasa umbellus,Homo sapiens,530.91,58620.315,aves,mammals,na,na
1,Cardinalis sinuatus,Glaucidium brasilianum,35.19,75.1,aves,aves,na,na
1,Junco hyemalis,Strix varia,19.5,711.49,aves,aves,na,na
1,Thylamys elegans,Athene cunicularia,28.9,150.61,mammals,aves,na,na
1,Didelphis virginiana,Cathartes aura,2332.74,1518.24,mammals,aves,na,na
1,Agelaius phoeniceus,Asio otus,50.78,296.57,aves,aves,na,na
1,Turdus philomelos,Accipiter gentilis,67.74,866.04,aves,aves,na,na
1,Strix varia,Procyon lotor,711.49,5947.485,aves,mammals,na,na
1,Phrygilus alaudinus,Falco femoralis,23.93,335.76,aves,aves,na,na
1,Sitta carolinensis,Accipiter cooperii,21,429.67,aves,aves,na,na
1,Loxodonta africana,Gyps africanus,3940017.14,5432.99,mammals,aves,na,na
1,Tamias townsendii,Accipiter cooperii,76.94,429.67,mammals,aves,na,na
1,Lepus nigricollis,Homo sapiens,2299.25,58620.315,mammals,mammals,na,na
1,Sorex cinereus,Buteo jamaicensis,4.4,1101.16,mammals,aves,na,na
1,Anas fulvigula,Vulpes vulpes,843.42,5158.085,aves,mammals,na,na
1,Microtus longicaudus,Lanius excubitor,45.755,63.41,mammals,aves,na,na
1,Sigmodon fulviventer,Buteo jamaicensis,205,1101.16,mammals,aves,na,na
1,Eptesicus fuscus,Tyto alba,16.88,403.32,mammals,aves,bat,na
1,Glaucomys volans,Asio otus,67.935,296.57,mammals,aves,na,na
1,Aythya marila,Larus canus,1005.37,412.53,aves,aves,na,na
1,Chrysemys picta,Vulpes vulpes,614.624445,5158.085,reptilia,mammals,na,na
1,Capra ibex,Aquila chrysaetos,77233.255,4247.97,mammals,aves,na,na
1,Rattus norvegicus,Accipiter cooperii,310.665,429.67,mammals,aves,na,na
1,Nerodia taxispilota,Alligator mississippiensis,573.8616941,60001.02853,reptilia,reptilia,na,na
1,Scapanus townsendii,Tyto alba,140.85,403.32,mammals,aves,na,na
1,Phasianus colchicus,Haliaeetus leucocephalus,1120.31,4700.58,aves,aves,na,na
1,Taricha torosa,Buteo jamaicensis,10.955,1101.16,amphibians,aves,na,na
1,Daption capense,Macronectes giganteus,429.62,3591.69,aves,aves,na,na
1,Lepus capensis,Accipiter gentilis,2655.835,866.04,mammals,aves,na,na
1,Caiman yacare,Coragyps atratus,20906.55581,1758.195926,reptilia,aves,na,na
1,Fulica atra,Ardea cinerea,717.12,1443,aves,aves,na,na
1,Hemitragus hylocrius,Canis lupus,74350,33591.665,mammals,mammals,na,na
1,Saltator atriceps,Falco femoralis,83.79,335.76,aves,aves,na,na
1,Spermophilus tridecemlineatus,Buteo jamaicensis,153.335,1101.16,mammals,aves,na,na
1,Zonotrichia leucophrys,Accipiter cooperii,28,429.67,aves,aves,na,na
1,Quiscalus quiscula,Megascops asio,105.18,179.99,aves,aves,na,na
1,Dendroica petechia,Thamnophis sirtalis,10.22,287.1256415,aves,reptilia,na,na
1,Cervus elaphus,Lynx rufus,202507.925,7647.05,mammals,mammals,na,na
1,Phrynosoma platyrhinos,Falco sparverius,15.7839281,114.61,reptilia,aves,na,na
1,Neotoma lepida,Falco mexicanus,153.875,713.07,mammals,aves,na,na
1,Hippotragus equinus,Panthera pardus,264998.83,52219.11,mammals,mammals,na,na
1,Sylvilagus nuttallii,Bubo virginianus,780.045,1575.7,mammals,aves,na,na
1,Oligoryzomys microtis,Chrysocyon brachyurus,22.5,23274.92,mammals,mammals,na,na
1,Lynx rufus,Cathartes aura,7647.05,1518.24,mammals,aves,na,na
1,Phyllotis darwini,Geranoaetus melanoleucus,49.865,2378.62,mammals,aves,na,na
1,Onychogalea fraenata,Canis lupus,5220,33591.665,mammals,mammals,na,na
1,Ammospermophilus leucurus,Lynx rufus,103.835,7647.05,mammals,mammals,na,na
1,Reithrodontomys megalotis,Lanius excubitor,10.035,63.41,mammals,aves,na,na
1,Chordeiles minor,Falco sparverius,79.3,114.61,aves,aves,na,na
1,Coccyzus americanus,Buteo jamaicensis,64,1101.16,aves,aves,na,na
1,Eleutherodactylus portoricensis,Seiurus motacilla,3.7,19.9,amphibians,aves,na,na
1,Cyanocitta stelleri,Buteo albonotatus,128,745.92,aves,aves,na,na
1,Sorex cinereus,Tyto alba,4.4,403.32,mammals,aves,na,na
1,Larus argentatus,Ursus maritimus,1090.99,381875.18,aves,mammals,na,na
1,Eleutherodactylus portoricensis,Turdus plumbeus,3.7,75.3,amphibians,aves,na,na
1,Thamnophis sirtalis,Buteo swainsoni,287.1256415,946.61,reptilia,aves,na,na
1,Sciurus griseus,Bubo virginianus,717.5,1575.7,mammals,aves,na,na
1,Colaptes auratus,Buteo albonotatus,131.46,745.92,aves,aves,na,na
1,Turdus merula,Accipiter gentilis,88.93622727,866.04,aves,aves,na,na
1,Gazella gazella,Acinonyx jubatus,21974.965,48600,mammals,mammals,na,na
1,Tamiasciurus hudsonicus,Accipiter cooperii,200.585,429.67,mammals,aves,na,na
1,Anser anser,Canis lupus,3302.41,33591.665,aves,mammals,na,na
1,Podilymbus podiceps,Bubo virginianus,411.93,1575.7,aves,aves,na,na
1,Redunca fulvorufula,Panthera leo,29199.93,160249.53,mammals,mammals,na,na
1,Certhia americana,Accipiter striatus,8.1,130.59,aves,aves,na,na
1,Caretta caretta,Didelphis virginiana,48031.4884,2332.74,reptilia,mammals,na,na
1,Reithrodontomys montanus,Megascops asio,10.9,179.99,mammals,aves,na,na
1,Certhia americana,Glaucomys sabrinus,8.1,152,aves,mammals,na,na
1,Microtus pennsylvanicus,Bubo virginianus,39.625,1575.7,mammals,aves,na,na
1,Ondatra zibethicus,Ursus maritimus,1028.875,381875.18,mammals,mammals,na,na
1,Storeria occipitomaculata,Corvus brachyrhynchos,7.358581925,448.76,reptilia,aves,na,na
1,Dipodomys microps,Bubo virginianus,55.45,1575.7,mammals,aves,na,na
1,Chelydra serpentina,Mephitis mephitis,8133.379934,2242.51,reptilia,mammals,na,na
1,Diadophis punctatus,Mephitis mephitis,47.81807872,2242.51,reptilia,mammals,na,na
1,Sialia sialis,Megascops asio,27.5,179.99,aves,aves,na,na
1,Cepphus columba,Falco peregrinus,530,759.95,aves,aves,na,na
1,Spermophilus beecheyi,Canis latrans,588.25,12703.165,mammals,mammals,na,na
1,Vulpes cana,Homo sapiens,967.925,58620.315,mammals,mammals,na,na
1,Bubo virginianus,Bubo virginianus,1575.7,1575.7,aves,aves,na,na
1,Branta canadensis,Neovison vison,2811.68,1150,aves,mammals,na,na
1,Bassariscus astutus,Buteo jamaicensis,1074.755,1101.16,mammals,aves,na,na
1,Empidonax hammondii,Glaucidium gnoma,10.44,61.25,aves,aves,na,na
1,Sciurus carolinensis,Megascops asio,526.25,179.99,mammals,aves,na,na
1,Euptilotis neoxenus,Buteo albonotatus,122.32,745.92,aves,aves,na,na
1,Auriparus flaviceps,Accipiter striatus,6.8,130.59,aves,aves,na,na
1,Spermophilus beecheyi,Taxidea taxus,588.25,7473.775,mammals,mammals,na,na
1,Castor canadensis,Canis lupus,19960,33591.665,mammals,mammals,na,na
1,Rattus norvegicus,Buteo jamaicensis,310.665,1101.16,mammals,aves,na,na
1,Chordeiles minor,Aquila chrysaetos,79.3,4247.97,aves,aves,na,na
1,Fulica americana,Bubo virginianus,636.74,1575.7,aves,aves,na,na
1,Thomomys bottae,Asio flammeus,118.875,322.61,mammals,aves,na,na
1,Glaucomys volans,Tyto alba,67.935,403.32,mammals,aves,na,na
1,Odocoileus virginianus,Canis latrans,65254.28,12703.165,mammals,mammals,na,na
1,Sylvilagus transitionalis,Buteo jamaicensis,735.85,1101.16,mammals,aves,na,na
1,Vulpes vulpes,Homo sapiens,5158.085,58620.315,mammals,mammals,na,na
1,Surnia ulula,Bubo virginianus,319.9,1575.7,aves,aves,na,na
1,Coragyps atratus,Haliaeetus leucocephalus,1758.195926,4700.58,aves,aves,na,na
1,Liolaemus nitidus,Falco femoralis,17.71190617,335.76,reptilia,aves,na,na
1,Alectoris chukar,Falco mexicanus,502.1,713.07,aves,aves,na,na
1,Amazona vittata,Buteo platypterus,279.28,453.65,aves,aves,na,na
1,Microtus oregoni,Tyto alba,20.375,403.32,mammals,aves,na,na
1,Calcarius lapponicus,Vulpes lagopus,27.84,3584.37,aves,mammals,na,na
1,Eremophila alpestris,Procyon lotor,33.33,5947.485,aves,mammals,na,na
1,Spermophilus armatus,Haliaeetus leucocephalus,310,4700.58,mammals,aves,na,na
1,Scapanus orarius,Bubo virginianus,60.95,1575.7,mammals,aves,na,na
1,Anas americana,Vulpes vulpes,754.61,5158.085,aves,mammals,na,na
1,Pseudois nayaur,Uncia uncia,48400,38333.5,mammals,mammals,na,na
1,Sciurus carolinensis,Strix varia,526.25,711.49,mammals,aves,na,na
1,Tamias dorsalis,Buteo jamaicensis,67.4,1101.16,mammals,aves,na,na
1,Zonotrichia capensis,Elanus leucurus,20.31,346,aves,aves,na,na
1,Passer domesticus,Accipiter cooperii,26.51,429.67,aves,aves,na,na
1,Plestiodon fasciatus,Accipiter striatus,6.745333421,130.59,reptilia,aves,na,na
1,Grus canadensis,Corvus corax,4296.22,927.97,aves,aves,na,na
1,Trichosurus caninus,Canis lupus,3320,33591.665,mammals,mammals,na,na
1,Larus argentatus,Aquila chrysaetos,1090.99,4247.97,aves,aves,na,na
1,Asio flammeus,Circus cyaneus,322.61,392.98,aves,aves,na,na
1,Condylura cristata,Buteo jamaicensis,65.55,1101.16,mammals,aves,na,na
1,Tyrannus melancholicus,Ramphastos swainsonii,37.4,651.68,aves,aves,na,na
1,Ammodorcas clarkei,Acinonyx jubatus,28024.905,48600,mammals,mammals,na,na
1,Mus musculus,Corvus corax,17.775,927.97,mammals,aves,na,na
1,Necromys lenguarum,Chrysocyon brachyurus,38,23274.92,mammals,mammals,na,na
1,Rattus rattus,Athene cunicularia,186.065,150.61,mammals,aves,na,na
1,Vulpes lagopus,Haliaeetus leucocephalus,3584.37,4700.58,mammals,aves,na,na
1,Chrysemys picta,Procyon lotor,614.624445,5947.485,reptilia,mammals,na,na
1,Procyon lotor,Alligator mississippiensis,5947.485,60001.02853,mammals,reptilia,na,na
1,Holochilus brasiliensis,Chrysocyon brachyurus,155,23274.92,mammals,mammals,na,na
1,Certhia americana,Tamiasciurus hudsonicus,8.1,200.585,aves,mammals,na,na
1,Troglodytes aedon,Accipiter striatus,10.85,130.59,aves,aves,na,na
1,Dipodomys ordii,Buteo regalis,55.4,1437.18,mammals,aves,na,na
1,Chaetodipus hispidus,Asio flammeus,32,322.61,mammals,aves,na,na
1,Eudocimus albus,Haliaeetus leucocephalus,889.66,4700.58,aves,aves,na,na
1,Rattus norvegicus,Tyto alba,310.665,403.32,mammals,aves,na,na
1,Uta stansburiana,Geococcyx californianus,5.343522433,291.6055556,reptilia,aves,na,na
1,Gallus gallus,Bubo virginianus,751.72,1575.7,aves,aves,na,na
1,Equus kiang,Canis lupus,277500,33591.665,mammals,mammals,na,na
1,Myiarchus cinerascens,Accipiter cooperii,28.2,429.67,aves,aves,na,na
1,Dipodomys deserti,Canis latrans,106.25,12703.165,mammals,mammals,na,na
1,Thraupis episcopus,Falco femoralis,35,335.76,aves,aves,na,na
1,Lithobates sylvaticus,Strix varia,16,711.49,amphibians,aves,na,na
1,Microtus agrestis,Falco rusticolus,39.2,1431.72,mammals,aves,na,na
1,Reithrodontomys megalotis,Elanus leucurus,10.035,346,mammals,aves,na,na
1,Sylvilagus audubonii,Buteo jamaicensis,886.315,1101.16,mammals,aves,na,na
1,Diadophis punctatus,Coluber constrictor,47.81807872,208.8797407,reptilia,reptilia,na,na
1,Thamnophis radix,Buteo swainsoni,137.808036,946.61,reptilia,aves,na,na
1,Didelphis virginiana,Tyto alba,2332.74,403.32,mammals,aves,na,na
1,Sialia currucoides,Falco sparverius,29.6,114.61,aves,aves,na,na
1,Trogon citreolus,Falco femoralis,79,335.76,aves,aves,na,na
1,Sus scrofa,Gymnogyps californianus,90309.045,10166.876,mammals,aves,na,na
1,Microtus pinetorum,Buteo jamaicensis,26.14,1101.16,mammals,aves,na,na
1,Wilsonia citrina,Procyon lotor,10.54,5947.485,aves,mammals,na,na
1,Anthus spinoletta,Buteo lagopus,23.9,949.76,aves,aves,na,na
1,Microtus pennsylvanicus,Falco sparverius,39.625,114.61,mammals,aves,na,na
1,Junco hyemalis,Buteo platypterus,19.5,453.65,aves,aves,na,na
1,Dipodomys merriami,Crotalus atrox,39.8,1695.613881,mammals,reptilia,na,na
1,Sceloporus grammicus,Buteo albonotatus,7.385230749,745.92,reptilia,aves,na,na
1,Eleutherodactylus coqui,Margarops fuscatus,4.073333333,98.43,amphibians,aves,na,na
1,Spermophilus parryii,Falco peregrinus,753.495,759.95,mammals,aves,na,na
1,Egretta tricolor,Procyon lotor,372.3,5947.485,aves,mammals,na,na
1,Canis latrans,Cathartes aura,12703.165,1518.24,mammals,aves,na,na
1,Phalacrocorax pelagicus,Homo sapiens,1843.95,58620.315,aves,mammals,na,na
1,Regulus regulus,Garrulus glandarius,5.54,159.46,aves,aves,na,na
1,Microtus montanus,Asio flammeus,39.615,322.61,mammals,aves,na,na
1,Passerina cyanea,Strix varia,14.69,711.49,aves,aves,na,na
1,Aythya americana,Bubo virginianus,1075.69,1575.7,aves,aves,na,na
1,Catharus guttatus,Procyon lotor,26.31579199,5947.485,aves,mammals,na,na
1,Agkistrodon contortrix,Lampropeltis holbrooki,400.4694576,189.0371205,reptilia,reptilia,na,na
1,Agelaius phoeniceus,Falco peregrinus,50.78,759.95,aves,aves,na,na
1,Oriturus superciliosus,Accipiter cooperii,41.4,429.67,aves,aves,na,na
1,Neofiber alleni,Haliaeetus leucocephalus,265.5,4700.58,mammals,aves,na,na
1,Euphagus cyanocephalus,Asio otus,62.48,296.57,aves,aves,na,na
1,Tamias quadrivittatus,Accipiter gentilis,59.85,866.04,mammals,aves,na,na
1,Procyon lotor,Bubo virginianus,5947.485,1575.7,mammals,aves,na,na
1,Dendroica palmarum,Accipiter striatus,10.3,130.59,aves,aves,na,na
1,Empidonax difficilis,Accipiter striatus,10.7,130.59,aves,aves,na,na
1,Fringilla coelebs,Aegolius funereus,23.81,137.18,aves,aves,na,na
1,Pituophis melanoleucus,Aquila chrysaetos,315.2912209,4247.97,reptilia,aves,na,na
1,Agelaius phoeniceus,Strix varia,50.78,711.49,aves,aves,na,na
1,Microtus montanus,Corvus corax,39.615,927.97,mammals,aves,na,na
1,Spizella pallida,Falco columbarius,11.2,188.5,aves,aves,na,na
1,Loxigilla portoricensis,Accipiter striatus,32.04,130.59,aves,aves,na,na
1,Coereba flaveola,Felis catus,10.01,2884.8,aves,mammals,na,na
1,Spermophilus beecheyi,Ardea herodias,588.25,2523.41,mammals,aves,na,na
1,Pseudacris triseriata,Ardea herodias,1.208816667,2523.41,amphibians,aves,na,na
1,Uria lomvia,Haliaeetus leucocephalus,963.99,4700.58,aves,aves,na,na
1,Anas acuta,Urocyon cinereoargenteus,944.62,3831.86,aves,mammals,na,na
1,Plethodon cinereus,Procyon lotor,32.90421875,5947.485,amphibians,mammals,na,na
1,Colinus virginianus,Buteo albicaudatus,177.6874419,885,aves,aves,na,na
1,Spermophilus beecheyi,Buteo jamaicensis,588.25,1101.16,mammals,aves,na,na
1,Amblyrhynchus cristatus,Buteo galapagoensis,2002.51452,1137.44,reptilia,aves,na,na
1,Eliomys quercinus,Mustela erminea,115,201.69,mammals,mammals,na,na
1,Phalaropus fulicarius,Falco columbarius,55.59,188.5,aves,aves,na,na
1,Spermophilus tridecemlineatus,Accipiter cooperii,153.335,429.67,mammals,aves,na,na
1,Histrionicus histrionicus,Aquila chrysaetos,561.57,4247.97,aves,aves,na,na
1,Spermophilus armatus,Ursus arctos,310,188260.21,mammals,mammals,na,na
1,Dasypus novemcinctus,Cathartes aura,4101.89,1518.24,mammals,aves,na,na
1,Megascops kennicottii,Procyon lotor,141.82,5947.485,aves,mammals,na,na
1,Ambystoma tigrinum,Buteo swainsoni,51.34366071,946.61,amphibians,aves,na,na
1,Spermophilus brunneus,Falco mexicanus,300,713.07,mammals,aves,na,na
1,Podilymbus podiceps,Chelydra serpentina,411.93,8133.379934,aves,reptilia,na,na
1,Dipodomys californicus,Vulpes velox,84.98,2168.755,mammals,mammals,na,na
1,Zenaida macroura,Accipiter gentilis,118.93,866.04,aves,aves,na,na
1,Papio ursinus,Panthera leo,17729.44,160249.53,mammals,mammals,na,na
1,Rissa tridactyla,Larus glaucescens,415.99,1056.54,aves,aves,na,na
1,Passer domesticus,Falco columbarius,26.51,188.5,aves,aves,na,na
1,Plecotus auritus,Tyto alba,7.975,403.32,mammals,aves,bat,na
1,Amphispiza bilineata,Accipiter cooperii,13.5,429.67,aves,aves,na,na
1,Sylvilagus floridanus,Buteo lagopus,1191.395,949.76,mammals,aves,na,na
1,Ctenomys conoveri,Felis silvestris,860,4794.995,mammals,mammals,na,na
1,Microtus californicus,Elanus leucurus,57.41,346,mammals,aves,na,na
1,Turdus migratorius,Accipiter cooperii,79.98562144,429.67,aves,aves,na,na
1,Centrocercus urophasianus,Buteo lagopus,1902.46,949.76,aves,aves,na,na
1,Agelaius phoeniceus,Tyto alba,50.78,403.32,aves,aves,na,na
1,Sceloporus clarkii,Buteogallus anthracinus,34.09096904,975.09,reptilia,aves,na,na
1,Fulica americana,Falco peregrinus,636.74,759.95,aves,aves,na,na
1,Bufo bufo,Procyon lotor,108.5856303,5947.485,amphibians,mammals,na,na
1,Bucephala albeola,Haliaeetus leucocephalus,397.46,4700.58,aves,aves,na,na
1,Marmota bobak,Aquila heliaca,5500,3125.21,mammals,aves,na,na
1,Osteopilus septentrionalis,Cyanocitta cristata,11.11,88,amphibians,aves,na,na
1,Condylura cristata,Buteo platypterus,65.55,453.65,mammals,aves,na,na
1,Carduelis pinus,Accipiter cooperii,12.7,429.67,aves,aves,na,na
1,Scalopus aquaticus,Asio flammeus,88.93,322.61,mammals,aves,na,na
1,Pedioplanis namaquensis,Polihierax semitorquatus,2.680500187,61.5,reptilia,aves,na,na
1,Vermivora peregrina,Megascops asio,8.9,179.99,aves,aves,na,na
1,Parascalops breweri,Bubo virginianus,50.8,1575.7,mammals,aves,na,na
1,Tyrannus verticalis,Falco femoralis,39.6,335.76,aves,aves,na,na
1,Lepus californicus,Asio otus,2421.24,296.57,mammals,aves,na,na
1,Aythya americana,Procyon lotor,1075.69,5947.485,aves,mammals,na,na
1,Tamias dorsalis,Canis latrans,67.4,12703.165,mammals,mammals,na,na
1,Anas crecca,Accipiter gentilis,341.89,866.04,aves,aves,na,na
1,Sceloporus occidentalis,Pituophis catenifer,13.49958843,497.1560436,reptilia,reptilia,na,na
1,Piranga ludoviciana,Accipiter cooperii,28.1,429.67,aves,aves,na,na
1,Sciurus carolinensis,Pantherophis alleghaniensis,526.25,410.588429,mammals,reptilia,na,na
1,Diadophis punctatus,Didelphis virginiana,47.81807872,2332.74,reptilia,mammals,na,na
1,Sceloporus occidentalis,Accipiter cooperii,13.49958843,429.67,reptilia,aves,na,na
1,Saguinus nigricollis,Homo sapiens,456,58620.315,mammals,mammals,na,na
1,Aepyceros melampus,Python sebae,52400.04,11320.49382,mammals,reptilia,na,na
1,Carpodacus mexicanus,Felis silvestris,21.4,4794.995,aves,mammals,na,na
1,Mochlus sundevalli,Lycophidion capense,27.3310196,14.79921616,reptilia,reptilia,na,na
1,Salpinctes obsoletus,Buteo regalis,16.37,1437.18,aves,aves,na,na
1,Leontopithecus caissara,Spizaetus ornatus,588.5,1197.4,mammals,aves,na,na
1,Peromyscus leucopus,Vulpes vulpes,19.635,5158.085,mammals,mammals,na,na
1,Geomys bursarius,Tyto alba,178.875,403.32,mammals,aves,na,na
1,Micrathene whitneyi,Bubo virginianus,41,1575.7,aves,aves,na,na
1,Odocoileus virginianus,Haliaeetus leucocephalus,65254.28,4700.58,mammals,aves,na,na
1,Chaetodipus formosus,Vulpes velox,19.475,2168.755,mammals,mammals,na,na
1,Crotaphytus collaris,Buteo jamaicensis,31.90646838,1101.16,reptilia,aves,na,na
1,Corvus corax,Martes americana,927.97,1066,aves,mammals,na,na
1,Mazama gouazoupira,Panthera pardus,16400,52219.11,mammals,mammals,na,na
1,Neotoma floridana,Alligator mississippiensis,249.375,60001.02853,mammals,reptilia,na,na
1,Scolopax rusticola,Accipiter gentilis,308.31,866.04,aves,aves,na,na
1,Capra hircus,Ursus arctos,50575,188260.21,mammals,mammals,na,na
1,Philodryas chamissonis,Parabuteo unicinctus,399.6375526,850.28,reptilia,aves,na,na
1,Galago alleni,Homo sapiens,264.5,58620.315,mammals,mammals,na,na
1,Porzana carolina,Python molurus,74.8,24741.97203,aves,reptilia,na,na
1,Ondatra zibethicus,Circus cyaneus,1028.875,392.98,mammals,aves,na,na
1,Spizella pusilla,Tyto alba,12.5,403.32,aves,aves,na,na
1,Holbrookia propinqua,Glaucidium brasilianum,4.551724603,75.1,reptilia,aves,na,na
1,Melospiza melodia,Buteo platypterus,21.91,453.65,aves,aves,na,na
1,Zapus princeps,Tyto alba,28.1,403.32,mammals,aves,na,na
1,Eleutherodactylus coqui,Anolis gundlachi,4.073333333,5.802858037,amphibians,reptilia,na,na
1,Ptychoramphus aleuticus,Falco peregrinus,184,759.95,aves,aves,na,na
1,Mergus merganser,Haliaeetus leucocephalus,1451.02,4700.58,aves,aves,na,na
1,Dendroica petechia,Accipiter striatus,10.22,130.59,aves,aves,na,na
1,Hyla arenicolor,Buteo albonotatus,4.659166667,745.92,amphibians,aves,na,na
1,Neurotrichus gibbsii,Buteo jamaicensis,9.17,1101.16,mammals,aves,na,na
1,Mustela erminea,Aquila chrysaetos,201.69,4247.97,mammals,aves,na,na
1,Haematopus bachmani,Corvus corax,591.307097,927.97,aves,aves,na,na
1,Ardea herodias,Aquila chrysaetos,2523.41,4247.97,aves,aves,na,na
1,Microtus pennsylvanicus,Ursus maritimus,39.625,381875.18,mammals,mammals,na,na
1,Pandion haliaetus,Crocodylus niloticus,1483.2,104541.5094,aves,reptilia,na,na
1,Eleutherodactylus portoricensis,Margarops fuscatus,3.7,98.43,amphibians,aves,na,na
1,Dipodomys deserti,Vulpes velox,106.25,2168.755,mammals,mammals,na,na
1,Arvicola amphibius,Neovison vison,120,1150,mammals,mammals,na,na
1,Pantherophis obsoletus,Buteo jamaicensis,410.588429,1101.16,reptilia,aves,na,na
1,Colaptes auratus,Buteo lineatus,131.46,603.72,aves,aves,na,na
1,Tamias merriami,Taxidea taxus,74.8,7473.775,mammals,mammals,na,na
1,Scincella lateralis,Lanius ludovicianus,1.824152301,51.59,reptilia,aves,na,na
1,Lepus arcticus,Canis lupus,4417.52,33591.665,mammals,mammals,na,na
1,Colobus angolensis,Homo sapiens,9420,58620.315,mammals,mammals,na,na
1,Quiscalus niger,Pseudoscops grammicus,72.19,335,aves,aves,na,na
1,Lasiurus seminolus,Cyanocitta cristata,9.88,88,mammals,aves,bat,na
1,Anser cygnoides,Ursus arctos,3511.94,188260.21,aves,mammals,na,na
1,Talpa europaea,Vulpes vulpes,81,5158.085,mammals,mammals,na,na
1,Taxidea taxus,Aquila chrysaetos,7473.775,4247.97,mammals,aves,na,na
1,Spermophilus townsendii,Buteo jamaicensis,210,1101.16,mammals,aves,na,na
1,Thomomys townsendii,Asio otus,263.175,296.57,mammals,aves,na,na
1,Tamias minimus,Accipiter striatus,89.085,130.59,mammals,aves,na,na
1,Synaptomys borealis,Surnia ulula,21.3,319.9,mammals,aves,na,na
1,Catharus guttatus,Cyanocitta cristata,26.31579199,88,aves,aves,na,na
1,Dipodomys microps,Felis silvestris,55.45,4794.995,mammals,mammals,na,na
1,Reithrodontomys montanus,Bubo virginianus,10.9,1575.7,mammals,aves,na,na
1,Calidris mauri,Asio flammeus,27.82,322.61,aves,aves,na,na
1,Microtus pennsylvanicus,Buteo lagopus,39.625,949.76,mammals,aves,na,na
1,Hemidactylus frenatus,Dendrelaphis pictus,3.322946428,107.3745799,reptilia,reptilia,na,na
1,Redunca fulvorufula,Canis lupus,29199.93,33591.665,mammals,mammals,na,na
1,Sciurus vulgaris,Megascops asio,333,179.99,mammals,aves,na,na
1,Avahi laniger,Homo sapiens,960,58620.315,mammals,mammals,na,na
1,Microcebus rufus,Galidia elegans,45.5,809.5,mammals,mammals,na,na
1,Microtus ochrogaster,Asio otus,40.255,296.57,mammals,aves,na,na
1,Redunca fulvorufula,Caracal caracal,29199.93,12874.955,mammals,mammals,na,na
1,Ammospermophilus leucurus,Buteo jamaicensis,103.835,1101.16,mammals,aves,na,na
1,Macaca sylvanus,Homo sapiens,9250.015,58620.315,mammals,mammals,na,na
1,Baiomys taylori,Falco sparverius,7.72,114.61,mammals,aves,na,na
1,Turdus iliacus,Accipiter gentilis,61.2,866.04,aves,aves,na,na
1,Marmota monax,Coragyps atratus,3840.86,1758.195926,mammals,aves,na,na
1,Rattus norvegicus,Bubo virginianus,310.665,1575.7,mammals,aves,na,na
1,Synaptomys cooperi,Accipiter cooperii,29.96,429.67,mammals,aves,na,na
1,Quiscalus quiscula,Tyto alba,105.18,403.32,aves,aves,na,na
1,Pseudacris regilla,Pseudacris regilla,5.6,5.6,amphibians,amphibians,na,na
1,Columbina inca,Cyanocitta cristata,47.5,88,aves,aves,na,na
1,Molothrus ater,Haliaeetus leucocephalus,42.02651747,4700.58,aves,aves,na,na
1,Microtus pennsylvanicus,Buteo jamaicensis,39.625,1101.16,mammals,aves,na,na
1,Progne subis,Accipiter striatus,53.79,130.59,aves,aves,na,na
1,Plethodon cinereus,Didelphis virginiana,32.90421875,2332.74,amphibians,mammals,na,na
1,Sciurus carolinensis,Buteogallus urubitinga,526.25,1152.87,mammals,aves,na,na
1,Bos grunniens,Canis lupus,458250,33591.665,mammals,mammals,na,na
1,Plectrophenax nivalis,Falco peregrinus,42.2,759.95,aves,aves,na,na
1,Ammospermophilus interpres,Aquila chrysaetos,111.65,4247.97,mammals,aves,na,na
1,Tamias alpinus,Lynx rufus,36.525,7647.05,mammals,mammals,na,na
1,Mus musculus,Felis catus,17.775,2884.8,mammals,mammals,na,na
1,Sorex cinereus,Aegolius acadicus,4.4,100.69,mammals,aves,na,na
1,Oryctolagus cuniculus,Circus approximans,1711.11,746.19,mammals,aves,na,na
1,Anas americana,Corvus brachyrhynchos,754.61,448.76,aves,aves,na,na
1,Catharus guttatus,Corvus brachyrhynchos,26.31579199,448.76,aves,aves,na,na
1,Sauromalus ater,Buteogallus anthracinus,179.4607057,975.09,reptilia,aves,na,na
1,Rupicapra rupicapra,Homo sapiens,29450,58620.315,mammals,mammals,na,na
1,Tamias minimus,Strix nebulosa,89.085,1061.89,mammals,aves,na,na
1,Sauromalus ater,Falco mexicanus,179.4607057,713.07,reptilia,aves,na,na
1,Tachycineta bicolor,Accipiter striatus,21.2,130.59,aves,aves,na,na
1,Plestiodon fasciatus,Didelphis virginiana,6.745333421,2332.74,reptilia,mammals,na,na
1,Phalacrocorax auritus,Alligator mississippiensis,1806.49,60001.02853,aves,reptilia,na,na
1,Anolis pogus,Falco tinnunculus,2.296429704,183.21,reptilia,aves,na,na
1,Crotaphytus collaris,Accipiter cooperii,31.90646838,429.67,reptilia,aves,na,na
1,Aepyceros melampus,Acinonyx jubatus,52400.04,48600,mammals,mammals,na,na
1,Myopus schisticolor,Buteo buteo,27.5,864.34,mammals,aves,na,na
1,Elaphodus cephalophus,Panthera pardus,28250,52219.11,mammals,mammals,na,na
1,Bos grunniens,Homo sapiens,458250,58620.315,mammals,mammals,na,na
1,Sylvilagus floridanus,Tyto alba,1191.395,403.32,mammals,aves,na,na
1,Tamiasciurus hudsonicus,Haliaeetus leucocephalus,200.585,4700.58,mammals,aves,na,na
1,Lithobates catesbeianus,Lontra canadensis,312.7083338,8088.71,amphibians,mammals,na,na
1,Tamias striatus,Pantherophis alleghaniensis,111.91,410.588429,mammals,reptilia,na,na
1,Molothrus ater,Asio otus,42.02651747,296.57,aves,aves,na,na
1,Rattus rattus,Pseudoscops grammicus,186.065,335,mammals,aves,na,na
1,Sialia sialis,Accipiter cooperii,27.5,429.67,aves,aves,na,na
1,Thomomys mazama,Mustela frenata,84,169,mammals,mammals,na,na
1,Phenacomys intermedius,Accipiter striatus,25.2,130.59,mammals,aves,na,na
1,Colaptes auratus,Falco femoralis,131.46,335.76,aves,aves,na,na
1,Cebus olivaceus,Homo sapiens,2699.99,58620.315,mammals,mammals,na,na
1,Phalaenoptilus nuttallii,Haliaeetus leucocephalus,48.33,4700.58,aves,aves,na,na
1,Chaetodipus penicillatus,Urocyon cinereoargenteus,15.945,3831.86,mammals,mammals,na,na
1,Microtus pennsylvanicus,Falco columbarius,39.625,188.5,mammals,aves,na,na
1,Rana muscosa,Thamnophis elegans,46.14791667,136.0992996,amphibians,reptilia,na,na
1,Sturnus vulgaris,Asio otus,77.14,296.57,aves,aves,na,na
1,Spermophilus richardsonii,Buteo swainsoni,365.5,946.61,mammals,aves,na,na
1,Procyon lotor,Coragyps atratus,5947.485,1758.195926,mammals,aves,na,na
1,Oryctolagus cuniculus,Falco novaeseelandiae,1711.11,418.6,mammals,aves,na,na
1,Agelaius phoeniceus,Bubo virginianus,50.78,1575.7,aves,aves,na,na
1,Myodes gapperi,Aegolius acadicus,19.83,100.69,mammals,aves,na,na
1,Geothlypis trichas,Strix varia,9.54,711.49,aves,aves,na,na
1,Dendrocopos major,Accipiter gentilis,74.94,866.04,aves,aves,na,na
1,Turdus migratorius,Glaucidium gnoma,79.98562144,61.25,aves,aves,na,na
1,Anolis cuvieri,Buteo jamaicensis,46.523015,1101.16,reptilia,aves,na,na
1,Branta canadensis,Ursus maritimus,2811.68,381875.18,aves,mammals,na,na
1,Eleutherodactylus coqui,Seiurus motacilla,4.073333333,19.9,amphibians,aves,na,na
1,Reithrodontomys raviventris,Asio flammeus,11.025,322.61,mammals,aves,na,na
1,Ovis aries,Ursus arctos,42100,188260.21,mammals,mammals,na,na
1,Hypsignathus monstrosus,Urotriorchis macrourus,335.04,492,mammals,aves,bat,na
1,Odocoileus virginianus,Caracara cheriway,65254.28,1078.62,mammals,aves,na,na
1,Connochaetes taurinus,Acinonyx jubatus,187999.48,48600,mammals,mammals,na,na
1,Toxostoma curvirostre,Falco femoralis,78.77522222,335.76,aves,aves,na,na
1,Tamias striatus,Urocyon cinereoargenteus,111.91,3831.86,mammals,mammals,na,na
1,Branta canadensis,Aquila chrysaetos,2811.68,4247.97,aves,aves,na,na
1,Polysticta stelleri,Larus glaucescens,806.76,1056.54,aves,aves,na,na
1,Proechimys longicaudatus,Chrysocyon brachyurus,205,23274.92,mammals,mammals,na,na
1,Rana temporaria,Natrix natrix,42.09890217,830.9226872,amphibians,reptilia,na,na
1,Plegadis falcinellus,Haliaeetus leucocephalus,626.61,4700.58,aves,aves,na,na
1,Sylvilagus floridanus,Accipiter gentilis,1191.395,866.04,mammals,aves,na,na
1,Perognathus parvus,Bubo virginianus,21.59,1575.7,mammals,aves,na,na
1,Aepyceros melampus,Lycaon pictus,52400.04,22025.035,mammals,mammals,na,na
1,Octodon degus,Tyto alba,206.5,403.32,mammals,aves,na,na
1,Sciurus carolinensis,Coragyps atratus,526.25,1758.195926,mammals,aves,na,na
1,Cardinalis cardinalis,Accipiter cooperii,42.64,429.67,aves,aves,na,na
1,Eleutherodactylus portoricensis,Myiarchus antillarum,3.7,23.4,amphibians,aves,na,na
1,Reithrodontomys humulis,Megascops asio,8.28,179.99,mammals,aves,na,na
1,Dipodomys ordii,Accipiter cooperii,55.4,429.67,mammals,aves,na,na
1,Buteo swainsoni,Aquila chrysaetos,946.61,4247.97,aves,aves,na,na
1,Sorex cinereus,Buteo lineatus,4.4,603.72,mammals,aves,na,na
1,Reithrodontomys montanus,Tyto alba,10.9,403.32,mammals,aves,na,na
1,Reithrodontomys megalotis,Asio flammeus,10.035,322.61,mammals,aves,na,na
1,Cervus elaphus,Ursus americanus,202507.925,105474.68,mammals,mammals,na,na
1,Diadophis punctatus,Buteogallus anthracinus,47.81807872,975.09,reptilia,aves,na,na
1,Canis lupus,Homo sapiens,33591.665,58620.315,mammals,mammals,na,na
1,Aepyceros melampus,Panthera pardus,52400.04,52219.11,mammals,mammals,na,na
1,Vireo olivaceus,Accipiter cooperii,16.06,429.67,aves,aves,na,na
1,Equus asinus,Cathartes aura,212499.625,1518.24,mammals,aves,na,na
1,Sigmodon fulviventer,Canis latrans,205,12703.165,mammals,mammals,na,na
1,Equus asinus,Coragyps atratus,212499.625,1758.195926,mammals,aves,na,na
1,Aix sponsa,Haliaeetus leucocephalus,657.59,4700.58,aves,aves,na,na
1,Sylvilagus floridanus,Megascops asio,1191.395,179.99,mammals,aves,na,na
1,Spermophilus richardsonii,Buteo jamaicensis,365.5,1101.16,mammals,aves,na,na
1,Capra ibex,Panthera pardus,77233.255,52219.11,mammals,mammals,na,na
1,Brachyteles arachnoides,Leopardus pardalis,12049.94,11900.04,mammals,mammals,na,na
1,Anolis evermanni,Nesospingus speculiferus,5.197487098,35.2,reptilia,aves,na,na
1,Agkistrodon piscivorus,Alligator mississippiensis,973.1883289,60001.02853,reptilia,reptilia,na,na
1,Spermophilus townsendii,Asio otus,210,296.57,mammals,aves,na,na
1,Cynomys ludovicianus,Bubo virginianus,1080.5,1575.7,mammals,aves,na,na
1,Eremophila alpestris,Falco peregrinus,33.33,759.95,aves,aves,na,na
1,Dipodomys compactus,Glaucidium brasilianum,49.225,75.1,mammals,aves,na,na
1,Rattus norvegicus,Vulpes vulpes,310.665,5158.085,mammals,mammals,na,na
1,Contopus cooperi,Accipiter striatus,32.1,130.59,aves,aves,na,na
1,Paroedura bastardi,Dromicodryas bernieri,5.264942099,75.55723847,reptilia,reptilia,na,na
1,Scalopus aquaticus,Asio otus,88.93,296.57,mammals,aves,na,na
1,Odocoileus virginianus,Canis lupus,65254.28,33591.665,mammals,mammals,na,na
1,Patagioenas squamosa,Buteo platypterus,312,453.65,aves,aves,na,na
1,Canis latrans,Ursus arctos,12703.165,188260.21,mammals,mammals,na,na
1,Euphonia musica,Buteo platypterus,14.66,453.65,aves,aves,na,na
1,Storeria dekayi,Corvus brachyrhynchos,15.55655134,448.76,reptilia,aves,na,na
1,Anolis gundlachi,Todus mexicanus,5.802858037,5.9,reptilia,aves,na,na
1,Kobus vardonii,Panthera pardus,71250.325,52219.11,mammals,mammals,na,na
1,Melospiza melodia,Tyto alba,21.91,403.32,aves,aves,na,na
1,Larus occidentalis,Falco peregrinus,922.78,759.95,aves,aves,na,na
1,Anolis stratulus,Turdus plumbeus,2.261662579,75.3,reptilia,aves,na,na
1,Vulpes vulpes,Haliaeetus leucocephalus,5158.085,4700.58,mammals,aves,na,na
1,Tamiasciurus hudsonicus,Ursus arctos,200.585,188260.21,mammals,mammals,na,na
1,Crotalus oreganus,Lampropeltis californiae,652.8298242,231.7670878,reptilia,reptilia,na,na
1,Seiurus aurocapilla,Asio otus,18.8,296.57,aves,aves,na,na
1,Melanitta fusca,Melanitta fusca,1800.17,1800.17,aves,aves,na,na
1,Microtus levis,Aegolius funereus,35.49,137.18,mammals,aves,na,na
1,Aegolius acadicus,Buteo jamaicensis,100.69,1101.16,aves,aves,na,na
1,Microtus montanus,Bubo virginianus,39.615,1575.7,mammals,aves,na,na
1,Phrynosoma cornutum,Glaucidium brasilianum,32.8871221,75.1,reptilia,aves,na,na
1,Perisoreus canadensis,Strix nebulosa,71.58,1061.89,aves,aves,na,na
1,Egretta tricolor,Corvus corax,372.3,927.97,aves,aves,na,na
1,Phasianus colchicus,Buteo jamaicensis,1120.31,1101.16,aves,aves,na,na
1,Passer montanus,Falco tinnunculus,21.39,183.21,aves,aves,na,na
1,Anolis stratulus,Todus mexicanus,2.261662579,5.9,reptilia,aves,na,na
1,Pseudois nayaur,Canis lupus,48400,33591.665,mammals,mammals,na,na
1,Heterodon nasicus,Buteo regalis,176.8673257,1437.18,reptilia,aves,na,na
1,Lampropeltis getula,Bubo virginianus,254.5022718,1575.7,reptilia,aves,na,na
1,Columba livia,Aquila chrysaetos,354.2,4247.97,aves,aves,na,na
1,Cardinalis cardinalis,Glaucidium brasilianum,42.64,75.1,aves,aves,na,na
1,Lepus nigricollis,Canis lupus,2299.25,33591.665,mammals,mammals,na,na
1,Asio otus,Accipiter gentilis,296.57,866.04,aves,aves,na,na
1,Melanerpes uropygialis,Accipiter cooperii,64.66,429.67,aves,aves,na,na
1,Microtus longicaudus,Aegolius acadicus,45.755,100.69,mammals,aves,na,na
1,Iguana iguana,Boa constrictor,1864.475555,8201.31505,reptilia,reptilia,na,na
1,Zenaida macroura,Aquila chrysaetos,118.93,4247.97,aves,aves,na,na
1,Passer domesticus,Asio flammeus,26.51,322.61,aves,aves,na,na
1,Anas rubripes,Haliaeetus leucocephalus,1240.96,4700.58,aves,aves,na,na
1,Agelaius phoeniceus,Accipiter striatus,50.78,130.59,aves,aves,na,na
1,Caiman yacare,Panthera onca,20906.55581,92450,reptilia,mammals,na,na
1,Haematopus bachmani,Haliaeetus leucocephalus,591.307097,4700.58,aves,aves,na,na
1,Synaptomys cooperi,Tyto alba,29.96,403.32,mammals,aves,na,na
1,Tamias bulleri,Buteo albonotatus,100,745.92,mammals,aves,na,na
1,Bos taurus,Puma concolor,756500,52750.02,mammals,mammals,na,na
1,Melospiza melodia,Accipiter striatus,21.91,130.59,aves,aves,na,na
1,Vulpes vulpes,Canis lupus,5158.085,33591.665,mammals,mammals,na,na
1,Rana draytonii,Taricha torosa,77.7,10.955,amphibians,amphibians,na,na
1,Abrocoma bennettii,Geranoaetus melanoleucus,250.75,2378.62,mammals,aves,na,na
1,Fratercula corniculata,Homo sapiens,536.14,58620.315,aves,mammals,na,na
1,Trachemys scripta,Didelphis virginiana,812.1316188,2332.74,reptilia,mammals,na,na
1,Gambelia wislizenii,Buteo regalis,39.07835863,1437.18,reptilia,aves,na,na
1,Thomomys townsendii,Buteo jamaicensis,263.175,1101.16,mammals,aves,na,na
1,Bison bison,Canis lupus,599627.64,33591.665,mammals,mammals,na,na
1,Sigmodon fulviventer,Cathartes aura,205,1518.24,mammals,aves,na,na
1,Tragelaphus scriptus,Lycaon pictus,43275.195,22025.035,mammals,mammals,na,na
1,Odocoileus virginianus,Coragyps atratus,65254.28,1758.195926,mammals,aves,na,na
1,Rattus norvegicus,Buteo platypterus,310.665,453.65,mammals,aves,na,na
1,Picoides albolarvatus,Accipiter striatus,61.07,130.59,aves,aves,na,na
1,Fulica americana,Python molurus,636.74,24741.97203,aves,reptilia,na,na
1,Sorex vagrans,Lanius excubitor,5.89,63.41,mammals,aves,na,na
1,Aepyceros melampus,Gyps africanus,52400.04,5432.99,mammals,aves,na,na
1,Lepus townsendii,Buteo jamaicensis,2467.5,1101.16,mammals,aves,na,na
1,Tadarida brasiliensis,Buteo swainsoni,12.345,946.61,mammals,aves,bat,na
1,Pheucticus melanocephalus,Accipiter cooperii,47.13,429.67,aves,aves,na,na
1,Fulica atra,Haliaeetus albicilla,717.12,4729.27,aves,aves,na,na
1,Cygnus columbianus,Larus canus,6377.96,412.53,aves,aves,na,na
1,Mus musculus,Canis lupus,17.775,33591.665,mammals,mammals,na,na
1,Tympanuchus phasianellus,Aquila chrysaetos,882.38,4247.97,aves,aves,na,na
1,Columba livia,Falco columbarius,354.2,188.5,aves,aves,na,na
1,Lepus nigricollis,Cuon alpinus,2299.25,15036.665,mammals,mammals,na,na
1,Kobus ellipsiprymnus,Gyps africanus,206000.17,5432.99,mammals,aves,na,na
1,Pachyptila turtur,Phoebetria fusca,137,2553.66,aves,aves,na,na
1,Bombycilla cedrorum,Tyto alba,31.58,403.32,aves,aves,na,na
1,Mustela nivalis,Accipiter gentilis,91.89,866.04,mammals,aves,na,na
1,Mustela frenata,Asio otus,169,296.57,mammals,aves,na,na
1,Phrynosoma platyrhinos,Buteo jamaicensis,15.7839281,1101.16,reptilia,aves,na,na
1,Myocastor coypus,Alligator mississippiensis,6648.725,60001.02853,mammals,reptilia,na,na
1,Felis catus,Aquila chrysaetos,2884.8,4247.97,mammals,aves,na,na
1,Chelydra serpentina,Lithobates catesbeianus,8133.379934,312.7083338,reptilia,amphibians,na,na
1,Limosa lapponica,Limosa lapponica,291.65,291.65,aves,aves,na,na
1,Pinicola enucleator,Falco peregrinus,56.4,759.95,aves,aves,na,na
1,Lemmiscus curtatus,Canis latrans,28.285,12703.165,mammals,mammals,na,na
1,Agelaius phoeniceus,Cistothorus palustris,50.78,10.8,aves,aves,na,na
1,Anas acuta,Lynx rufus,944.62,7647.05,aves,mammals,na,na
1,Paguma larvata,Panthera onca,4300,92450,mammals,mammals,na,na
1,Microtus pinetorum,Buteo platypterus,26.14,453.65,mammals,aves,na,na
1,Bos sauveli,Homo sapiens,793000,58620.315,mammals,mammals,na,na
1,Melogale everetti,Melogale everetti,1500,1500,mammals,mammals,na,na
1,Sphyrapicus thyroideus,Accipiter cooperii,47.6,429.67,aves,aves,na,na
1,Bubalus depressicornis,Macrogalidia musschenbroekii,277500,4580,mammals,mammals,na,na
1,Blarina brevicauda,Aegolius acadicus,23.2,100.69,mammals,aves,na,na
1,Ambystoma laterale,Ambystoma tigrinum,3.425,51.34366071,amphibians,amphibians,na,na
1,Vireo griseus,Buteo brachyurus,11.4,496.01,aves,aves,na,na
1,Micrathene whitneyi,Senticolis triaspis,41,138.9590956,aves,reptilia,na,na
1,Pluvialis dominica,Falco peregrinus,151.47,759.95,aves,aves,na,na
1,Arvicola amphibius,Aegolius funereus,120,137.18,mammals,aves,na,na
1,Chelonia mydas,Corvus ossifragus,44567.07432,284.6,reptilia,aves,na,na
1,Agelaius phoeniceus,Accipiter cooperii,50.78,429.67,aves,aves,na,na
1,Hylocichla mustelina,Bubo virginianus,50.09,1575.7,aves,aves,na,na
1,Numida meleagris,Bubo lacteus,1299,2114.94,aves,aves,na,na
1,Redunca fulvorufula,Homo sapiens,29199.93,58620.315,mammals,mammals,na,na
1,Catharus ustulatus,Falco femoralis,30.3,335.76,aves,aves,na,na
1,Sceloporus jarrovii,Falco sparverius,20.28078496,114.61,reptilia,aves,na,na
1,Cardinalis cardinalis,Accipiter striatus,42.64,130.59,aves,aves,na,na
1,Thamnophis radix,Buteo jamaicensis,137.808036,1101.16,reptilia,aves,na,na
1,Eremophila alpestris,Accipiter cooperii,33.33,429.67,aves,aves,na,na
1,Rattus norvegicus,Larus dominicanus,310.665,952.43,mammals,aves,na,na
1,Arizona elegans,Falco sparverius,177.6044434,114.61,reptilia,aves,na,na
1,Rana sylvatica,Ambystoma tigrinum,9.895714286,51.34366071,amphibians,amphibians,na,na
1,Thylamys elegans,Bubo virginianus,28.9,1575.7,mammals,aves,na,na
1,Lepus californicus,Haliaeetus leucocephalus,2421.24,4700.58,mammals,aves,na,na
1,Anolis evermanni,Vireo latimeri,5.197487098,12,reptilia,aves,na,na
1,Icterus galbula,Megascops asio,32.83,179.99,aves,aves,na,na
1,Reithrodontomys megalotis,Athene cunicularia,10.035,150.61,mammals,aves,na,na
1,Melospiza melodia,Aegolius acadicus,21.91,100.69,aves,aves,na,na
1,Chen canagica,Larus hyperboreus,2136.49,1529.04,aves,aves,na,na
1,Phalanger orientalis,Haliaeetus leucogaster,2084.375,2827.01,mammals,aves,na,na
1,Bos javanicus,Homo sapiens,626000,58620.315,mammals,mammals,na,na
1,Peromyscus leucopus,Aegolius acadicus,19.635,100.69,mammals,aves,na,na
1,Cyclura cornuta,Homo sapiens,3499.043564,58620.315,reptilia,mammals,na,na
1,Mus musculus,Pseudoscops grammicus,17.775,335,mammals,aves,na,na
1,Spermophilus washingtoni,Athene cunicularia,211.25,150.61,mammals,aves,na,na
1,Micrathene whitneyi,Accipiter cooperii,41,429.67,aves,aves,na,na
1,Zonotrichia albicollis,Megascops asio,24.4,179.99,aves,aves,na,na
1,Farancia abacura,Corvus brachyrhynchos,347.6626175,448.76,reptilia,aves,na,na
1,Glaucomys sabrinus,Felis silvestris,152,4794.995,mammals,mammals,na,na
1,Geococcyx californianus,Cathartes aura,291.6055556,1518.24,aves,aves,na,na
1,Leontopithecus caissara,Leopardus pardalis,588.5,11900.04,mammals,mammals,na,na
1,Meleagris gallopavo,Haliaeetus leucocephalus,5791.37,4700.58,aves,aves,na,na
1,Didelphis marsupialis,Buteo jamaicensis,1120.58,1101.16,mammals,aves,na,na
1,Spermophilus columbianus,Aquila chrysaetos,482,4247.97,mammals,aves,na,na
1,Microtus miurus,Buteo lagopus,41,949.76,mammals,aves,na,na
1,Tringa flavipes,Falco peregrinus,77.5,759.95,aves,aves,na,na
1,Tamias striatus,Megascops asio,111.91,179.99,mammals,aves,na,na
1,Reithrodontomys megalotis,Canis latrans,10.035,12703.165,mammals,mammals,na,na
1,Connochaetes taurinus,Panthera leo,187999.48,160249.53,mammals,mammals,na,na
1,Neofiber alleni,Alligator mississippiensis,265.5,60001.02853,mammals,reptilia,na,na
1,Microtus californicus,Falco columbarius,57.41,188.5,mammals,aves,na,na
1,Asio flammeus,Larus argentatus,322.61,1090.99,aves,aves,na,na
1,Rissa tridactyla,Stercorarius parasiticus,415.99,444.31,aves,aves,na,na
1,Microtus californicus,Canis latrans,57.41,12703.165,mammals,mammals,na,na
1,Certhia americana,Accipiter cooperii,8.1,429.67,aves,aves,na,na
1,Phalaropus fulicarius,Asio flammeus,55.59,322.61,aves,aves,na,na
1,Tamias alpinus,Urocyon cinereoargenteus,36.525,3831.86,mammals,mammals,na,na
1,Thomomys mazama,Neovison vison,84,1150,mammals,mammals,na,na
1,Microtus pennsylvanicus,Strix varia,39.625,711.49,mammals,aves,na,na
1,Gallus gallus,Aquila chrysaetos,751.72,4247.97,aves,aves,na,na
1,Peromyscus maniculatus,Megascops kennicottii,20.69,141.82,mammals,aves,na,na
1,Peromyscus leucopus,Accipiter gentilis,19.635,866.04,mammals,aves,na,na
1,Loxigilla noctis,Falco sparverius,16.63,114.61,aves,aves,na,na
1,Scapanus latimanus,Asio flammeus,57.35,322.61,mammals,aves,na,na
1,Sylvilagus floridanus,Circus cyaneus,1191.395,392.98,mammals,aves,na,na
1,Lepus americanus,Surnia ulula,1640.01,319.9,mammals,aves,na,na
1,Anthus spragueii,Falco femoralis,25.5,335.76,aves,aves,na,na
1,Gallinula chloropus,Bubo virginianus,339.63,1575.7,aves,aves,na,na
1,Myrmecophaga tridactyla,Puma concolor,25116.575,52750.02,mammals,mammals,na,na
1,Papio ursinus,Panthera pardus,17729.44,52219.11,mammals,mammals,na,na
1,Dipodomys ordii,Tyto alba,55.4,403.32,mammals,aves,na,na
1,Icterus cucullatus,Falco femoralis,24.3,335.76,aves,aves,na,na
1,Phenacomys intermedius,Strix nebulosa,25.2,1061.89,mammals,aves,na,na
1,Microcebus rufus,Polyboroides radiatus,45.5,570,mammals,aves,na,na
1,Sceloporus magister,Falco sparverius,38.68440666,114.61,reptilia,aves,na,na
1,Dendroica tigrina,Haliaeetus leucocephalus,10.04,4700.58,aves,aves,na,na
1,Aramus guarauna,Python molurus,1080,24741.97203,aves,reptilia,na,na
1,Lontra canadensis,Alligator mississippiensis,8088.71,60001.02853,mammals,reptilia,na,na
1,Streptopelia decaocto,Accipiter cooperii,148.96,429.67,aves,aves,na,na
1,Turdus merula,Pica pica,88.93622727,217.48,aves,aves,na,na
1,Macropus bernardus,Homo sapiens,17000,58620.315,mammals,mammals,na,na
1,Diadophis punctatus,Buteo platypterus,47.81807872,453.65,reptilia,aves,na,na
1,Sitta canadensis,Accipiter cooperii,9.8,429.67,aves,aves,na,na
1,Icterus dominicensis,Buteo platypterus,35.74,453.65,aves,aves,na,na
1,Fulmarus glacialis,Haliaeetus leucocephalus,611.94,4700.58,aves,aves,na,na
1,Melospiza melodia,Falco columbarius,21.91,188.5,aves,aves,na,na
1,Clethrionomys glareolus,Mustela erminea,20.7,201.69,mammals,mammals,na,na
1,Plethodon cinereus,Cyanocitta cristata,32.90421875,88,amphibians,aves,na,na
1,Passer domesticus,Asio otus,26.51,296.57,aves,aves,na,na
1,Urosaurus graciosus,Buteogallus anthracinus,4.593929756,975.09,reptilia,aves,na,na
1,Corvus brachyrhynchos,Accipiter cooperii,448.76,429.67,aves,aves,na,na
1,Lepus californicus,Aquila chrysaetos,2421.24,4247.97,mammals,aves,na,na
1,Anolis gingivinus,Margarops fuscatus,4.076723032,98.43,reptilia,aves,na,na
1,Plestiodon fasciatus,Mephitis mephitis,6.745333421,2242.51,reptilia,mammals,na,na
1,Phasianus colchicus,Buteo regalis,1120.31,1437.18,aves,aves,na,na
1,Peromyscus gossypinus,Tyto alba,28.545,403.32,mammals,aves,na,na
1,Quiscalus mexicanus,Falco femoralis,160.47,335.76,aves,aves,na,na
1,Sus scrofa,Homo sapiens,90309.045,58620.315,mammals,mammals,na,na
1,Notomys alexis,Canis lupus,33.65,33591.665,mammals,mammals,na,na
1,Anolis stratulus,Megascops nudipes,2.261662579,137.34,reptilia,aves,na,na
1,Pluvialis squatarola,Asio flammeus,250,322.61,aves,aves,na,na
1,Hippotragus equinus,Crocuta crocuta,264998.83,65246.03,mammals,mammals,na,na
1,Phrynosoma orbiculare,Buteo jamaicensis,13.44917687,1101.16,reptilia,aves,na,na
1,Nycticeius humeralis,Procyon lotor,9.05,5947.485,mammals,mammals,bat,na
1,Spindalis zena,Accipiter striatus,25.36,130.59,aves,aves,na,na
1,Microtus pennsylvanicus,Megascops kennicottii,39.625,141.82,mammals,aves,na,na
1,Anas acuta,Haliaeetus leucocephalus,944.62,4700.58,aves,aves,na,na
1,Corvus brachyrhynchos,Bubo virginianus,448.76,1575.7,aves,aves,na,na
1,Felis silvestris,Vulpes vulpes,4794.995,5158.085,mammals,mammals,na,na
1,Coluber constrictor,Buteo lineatus,208.8797407,603.72,reptilia,aves,na,na
1,Asio flammeus,Aquila chrysaetos,322.61,4247.97,aves,aves,na,na
1,Condylura cristata,Strix varia,65.55,711.49,mammals,aves,na,na
1,Sylvilagus audubonii,Buteo platypterus,886.315,453.65,mammals,aves,na,na
1,Lagopus muta,Haliaeetus leucocephalus,535.3,4700.58,aves,aves,na,na
1,Pituophis melanoleucus,Buteo jamaicensis,315.2912209,1101.16,reptilia,aves,na,na
1,Sialia mexicana,Bubo virginianus,26.44,1575.7,aves,aves,na,na
1,Lampropeltis triangulum,Canis latrans,206.289758,12703.165,reptilia,mammals,na,na
1,Equus caballus,Puma concolor,325000,52750.02,mammals,mammals,na,na
1,Chen caerulescens,Cathartes aura,2636.15,1518.24,aves,aves,na,na
1,Canis lupus,Canis lupus,33591.665,33591.665,mammals,mammals,na,na
1,Oplurus cuvieri,Dromicodryas bernieri,88.51283669,75.55723847,reptilia,reptilia,na,na
1,Sorex monticolus,Sorex monticolus,6.015,6.015,mammals,mammals,na,na
1,Cervus eldii,Homo sapiens,94700,58620.315,mammals,mammals,na,na
1,Sylvilagus floridanus,Buteo lineatus,1191.395,603.72,mammals,aves,na,na
1,Perognathus parvus,Asio otus,21.59,296.57,mammals,aves,na,na
1,Sorex cinereus,Blarina brevicauda,4.4,23.2,mammals,mammals,na,na
1,Cyrtonyx montezumae,Canis latrans,185.38,12703.165,aves,mammals,na,na
1,Thamnophis sirtalis,Lampropeltis triangulum,287.1256415,206.289758,reptilia,reptilia,na,na
1,Perisoreus canadensis,Accipiter cooperii,71.58,429.67,aves,aves,na,na
1,Ondatra zibethicus,Alligator mississippiensis,1028.875,60001.02853,mammals,reptilia,na,na
1,Tamiasciurus hudsonicus,Bubo virginianus,200.585,1575.7,mammals,aves,na,na
1,Sigmodon hispidus,Vulpes vulpes,101.69,5158.085,mammals,mammals,na,na
1,Contopus virens,Accipiter cooperii,13.9,429.67,aves,aves,na,na
1,Sciurus niger,Bubo virginianus,761.9,1575.7,mammals,aves,na,na
1,Anthus spinoletta,Asio flammeus,23.9,322.61,aves,aves,na,na
1,Furcifer pardalis,Ithycyphus miniatus,100.0450892,228.8933158,reptilia,reptilia,na,na
1,Lepus americanus,Strix nebulosa,1640.01,1061.89,mammals,aves,na,na
1,Tragelaphus buxtoni,Panthera pardus,215000.38,52219.11,mammals,mammals,na,na
1,Phalaropus lobatus,Buteo lagopus,36.68,949.76,aves,aves,na,na
1,Anas cyanoptera,Neovison vison,398.261645,1150,aves,mammals,na,na
1,Meleagris gallopavo,Buteo platypterus,5791.37,453.65,aves,aves,na,na
1,Antilocapra americana,Buteo lagopus,46491.46,949.76,mammals,aves,na,na
1,Crotalus cerastes,Buteo jamaicensis,115.2410428,1101.16,reptilia,aves,na,na
1,Enhydra lutris,Haliaeetus leucocephalus,25500,4700.58,mammals,aves,na,na
1,Passerculus sandwichensis,Asio flammeus,19.97,322.61,aves,aves,na,na
1,Ramphastos dicolorus,Ramphastos dicolorus,331,331,aves,aves,na,na
1,Bassariscus astutus,Lynx rufus,1074.755,7647.05,mammals,mammals,na,na
1,Mustela erminea,Strix nebulosa,201.69,1061.89,mammals,aves,na,na
1,Anas discors,Haliaeetus leucocephalus,359.6889018,4700.58,aves,aves,na,na
1,Tamias alpinus,Vulpes velox,36.525,2168.755,mammals,mammals,na,na
1,Hippotragus equinus,Panthera leo,264998.83,160249.53,mammals,mammals,na,na
1,Anolis sagrei,Lanius ludovicianus,4.811134597,51.59,reptilia,aves,na,na
1,Branta canadensis,Larus argentatus,2811.68,1090.99,aves,aves,na,na
1,Glaucomys volans,Procyon lotor,67.935,5947.485,mammals,mammals,na,na
1,Uria lomvia,Stercorarius parasiticus,963.99,444.31,aves,aves,na,na
1,Pseudacris triseriata,Ursus arctos,1.208816667,188260.21,amphibians,mammals,na,na
1,Lithobates sylvaticus,Megascops asio,16,179.99,amphibians,aves,na,na
1,Rattus norvegicus,Asio flammeus,310.665,322.61,mammals,aves,na,na
1,Zonotrichia leucophrys,Lynx rufus,28,7647.05,aves,mammals,na,na
1,Corvus corax,Canis latrans,927.97,12703.165,aves,mammals,na,na
1,Phenacomys intermedius,Haliaeetus leucocephalus,25.2,4700.58,mammals,aves,na,na
1,Dipodomys deserti,Vulpes vulpes,106.25,5158.085,mammals,mammals,na,na
1,Marmota flaviventris,Ursus arctos,3529.98,188260.21,mammals,mammals,na,na
1,Melospiza melodia,Glaucidium gnoma,21.91,61.25,aves,aves,na,na
1,Spizella breweri,Lanius excubitor,10.9,63.41,aves,aves,na,na
1,Lithobates catesbeianus,Botaurus lentiginosus,312.7083338,706,amphibians,aves,na,na
1,Lepus americanus,Strix varia,1640.01,711.49,mammals,aves,na,na
1,Fulica americana,Ardea herodias,636.74,2523.41,aves,aves,na,na
1,Zenaida macroura,Falco mexicanus,118.93,713.07,aves,aves,na,na
1,Calidris alpina,Bubo virginianus,51.89,1575.7,aves,aves,na,na
1,Blarina brevicauda,Falco sparverius,23.2,114.61,mammals,aves,na,na
1,Phalaropus lobatus,Larus hyperboreus,36.68,1529.04,aves,aves,na,na
1,Podilymbus podiceps,Rattus norvegicus,411.93,310.665,aves,mammals,na,na
1,Raphicerus sharpei,Panthera leo,9414.96,160249.53,mammals,mammals,na,na
1,Necturus maculosus,Nerodia sipedon,184.5111111,352.7603443,amphibians,reptilia,na,na
1,Bos taurus,Homo sapiens,756500,58620.315,mammals,mammals,na,na
1,Uria aalge,Corvus corax,991.93,927.97,aves,aves,na,na
1,Uria aalge,Stercorarius parasiticus,991.93,444.31,aves,aves,na,na
1,Zenaida macroura,Urocyon cinereoargenteus,118.93,3831.86,aves,mammals,na,na
1,Mus musculus,Megascops asio,17.775,179.99,mammals,aves,na,na
1,Cynomys ludovicianus,Buteo regalis,1080.5,1437.18,mammals,aves,na,na
1,Furcifer oustaleti,Ithycyphus oursi,154.506065,186.305352,reptilia,reptilia,na,na
1,Columba livia,Tyto alba,354.2,403.32,aves,aves,na,na
1,Neotoma cinerea,Aquila chrysaetos,292.575,4247.97,mammals,aves,na,na
1,Rattus rattus,Bubo virginianus,186.065,1575.7,mammals,aves,na,na
1,Quiscalus mexicanus,Buteo jamaicensis,160.47,1101.16,aves,aves,na,na
1,Pandion haliaetus,Bubo virginianus,1483.2,1575.7,aves,aves,na,na
1,Pipilo chlorurus,Accipiter striatus,29.4,130.59,aves,aves,na,na
1,Antrozous pallidus,Strix occidentalis,21.5,586.37,mammals,aves,bat,na
1,Sylvilagus brasiliensis,Eira barbara,969.495,4025.015,mammals,mammals,na,na
1,Passer domesticus,Procyon lotor,26.51,5947.485,aves,mammals,na,na
1,Rana draytonii,Rana draytonii,77.7,77.7,amphibians,amphibians,na,na
1,Hippotragus niger,Homo sapiens,230749.635,58620.315,mammals,mammals,na,na
1,Aepyprymnus rufescens,Canis lupus,3025,33591.665,mammals,mammals,na,na
1,Thamnophis cyrtopsis,Buteogallus anthracinus,157.4249311,975.09,reptilia,aves,na,na
1,Thryothorus ludovicianus,Asio otus,17.53923351,296.57,aves,aves,na,na
1,Peromyscus maniculatus,Canis latrans,20.69,12703.165,mammals,mammals,na,na
1,Mustela frenata,Bubo virginianus,169,1575.7,mammals,aves,na,na
1,Myiarchus crinitus,Melanerpes erythrocephalus,32.1,71.6,aves,aves,na,na
1,Anas fulvigula,Circus cyaneus,843.42,392.98,aves,aves,na,na
1,Passer domesticus,Glaucidium gnoma,26.51,61.25,aves,aves,na,na
1,Equus quagga,Acinonyx jubatus,4.00E+05,48600,mammals,mammals,na,na
1,Lagopus lagopus,Surnia ulula,566.86,319.9,aves,aves,na,na
1,Eremophila alpestris,Falco columbarius,33.33,188.5,aves,aves,na,na
1,Microtus pennsylvanicus,Haliaeetus leucocephalus,39.625,4700.58,mammals,aves,na,na
1,Peromyscus maniculatus,Buteo lagopus,20.69,949.76,mammals,aves,na,na
1,Larus delawarensis,Buteo swainsoni,516.31,946.61,aves,aves,na,na
1,Corvus corax,Aquila chrysaetos,927.97,4247.97,aves,aves,na,na
1,Lanius ludovicianus,Falco femoralis,51.59,335.76,aves,aves,na,na
1,Sturnella neglecta,Buteo swainsoni,100.06,946.61,aves,aves,na,na
1,Parula americana,Accipiter striatus,7.77487805,130.59,aves,aves,na,na
1,Microtus oeconomus,Buteo lagopus,33.74,949.76,mammals,aves,na,na
1,Storeria dekayi,Felis silvestris,15.55655134,4794.995,reptilia,mammals,na,na
1,Anolis gundlachi,Melanerpes portoricensis,5.802858037,59.86,reptilia,aves,na,na
1,Papio anubis,Panthera pardus,17728.56,52219.11,mammals,mammals,na,na
1,Anas rubripes,Buteo jamaicensis,1240.96,1101.16,aves,aves,na,na
1,Sciurus niger,Aquila chrysaetos,761.9,4247.97,mammals,aves,na,na
1,Micrathene whitneyi,Pituophis melanoleucus,41,315.2912209,aves,reptilia,na,na
1,Peromyscus maniculatus,Athene cunicularia,20.69,150.61,mammals,aves,na,na
1,Cervus nippon,Canis lupus,53000,33591.665,mammals,mammals,na,na
1,Hippopotamus amphibius,Crocuta crocuta,1468744.995,65246.03,mammals,mammals,na,na
1,Peromyscus boylii,Lynx rufus,22.625,7647.05,mammals,mammals,na,na
1,Anas strepera,Haliaeetus leucocephalus,915.58,4700.58,aves,aves,na,na
1,Colaptes auratus,Buteo jamaicensis,131.46,1101.16,aves,aves,na,na
1,Fratercula cirrhata,Falco peregrinus,774.37,759.95,aves,aves,na,na
1,Anas platyrhynchos,Falco peregrinus,843.42,759.95,aves,aves,na,na
1,Mesomys hispidus,Chrysocyon brachyurus,175,23274.92,mammals,mammals,na,na
1,Mus musculus,Tyto alba,17.775,403.32,mammals,aves,na,na
1,Coccyzus americanus,Falco femoralis,64,335.76,aves,aves,na,na
1,Columbina passerina,Falco femoralis,35.36,335.76,aves,aves,na,na
1,Pyrocephalus rubinus,Accipiter cooperii,14.4,429.67,aves,aves,na,na
1,Amphiuma means,Alligator mississippiensis,343.3088235,60001.02853,amphibians,reptilia,na,na
1,Anas cyanoptera,Aquila chrysaetos,398.261645,4247.97,aves,aves,na,na
1,Thomomys talpoides,Buteo lagopus,117.54,949.76,mammals,aves,na,na
1,Sturnus vulgaris,Bubo virginianus,77.14,1575.7,aves,aves,na,na
1,Anas fulvigula,Urocyon cinereoargenteus,843.42,3831.86,aves,mammals,na,na
1,Branta canadensis,Haliaeetus leucocephalus,2811.68,4700.58,aves,aves,na,na
1,Eleutherodactylus coqui,Nesospingus speculiferus,4.073333333,35.2,amphibians,aves,na,na
1,Sylvilagus audubonii,Falco mexicanus,886.315,713.07,mammals,aves,na,na
1,Sigmodon leucotis,Buteo albonotatus,133.75,745.92,mammals,aves,na,na
1,Petrodromus tetradactylus,Homo sapiens,194.25,58620.315,mammals,mammals,na,na
1,Calamospiza melanocorys,Falco mexicanus,37.6,713.07,aves,aves,na,na
1,Picoides villosus,Accipiter cooperii,62.65,429.67,aves,aves,na,na
1,Hirundo rustica,Bubulcus ibis,17.91,365.95,aves,aves,na,na
1,Meleagris gallopavo,Accipiter gentilis,5791.37,866.04,aves,aves,na,na
1,Aix sponsa,Procyon lotor,657.59,5947.485,aves,mammals,na,na
1,Dives dives,Falco femoralis,91.32,335.76,aves,aves,na,na
1,Chen rossii,Vulpes lagopus,1635.99,3584.37,aves,mammals,na,na
1,Sceloporus occidentalis,Sciurus niger,13.49958843,761.9,reptilia,mammals,na,na
1,Pipilo erythrophthalmus,Buteo platypterus,40.03,453.65,aves,aves,na,na
1,Chrysemys picta,Neovison vison,614.624445,1150,reptilia,mammals,na,na
1,Cryptotis parva,Megascops asio,4.915,179.99,mammals,aves,na,na
1,Lemmiscus curtatus,Lynx rufus,28.285,7647.05,mammals,mammals,na,na
1,Rana draytonii,Thamnophis atratus,77.7,128.6684147,amphibians,reptilia,na,na
1,Ondatra zibethicus,Buteo lagopus,1028.875,949.76,mammals,aves,na,na
1,Agkistrodon contortrix,Buteo jamaicensis,400.4694576,1101.16,reptilia,aves,na,na
1,Baeolophus bicolor,Accipiter cooperii,21.6,429.67,aves,aves,na,na
1,Nycticeius humeralis,Asio otus,9.05,296.57,mammals,aves,bat,na
1,Plecotus austriacus,Felis silvestris,7.01,4794.995,mammals,mammals,bat,na
1,Tyrannus melancholicus,Elanoides forficatus,37.4,416.24,aves,aves,na,na
1,Sceloporus poinsettii,Accipiter cooperii,30.96295249,429.67,reptilia,aves,na,na
1,Papio papio,Panthera leo,18026.05,160249.53,mammals,mammals,na,na
1,Catharus fuscescens,Bubo virginianus,31.9,1575.7,aves,aves,na,na
1,Anolis evermanni,Buteo platypterus,5.197487098,453.65,reptilia,aves,na,na
1,Sylvilagus nuttallii,Tyto alba,780.045,403.32,mammals,aves,na,na
1,Mustela erminea,Buteo swainsoni,201.69,946.61,mammals,aves,na,na
1,Sturnella neglecta,Buteo regalis,100.06,1437.18,aves,aves,na,na
1,Pooecetes gramineus,Accipiter cooperii,25.68,429.67,aves,aves,na,na
1,Salvadora hexalepis,Buteo albonotatus,64.24414947,745.92,reptilia,aves,na,na
1,Anser albifrons,Falco peregrinus,2506.39,759.95,aves,aves,na,na
1,Bos taurus,Ursus arctos,756500,188260.21,mammals,mammals,na,na
1,Brachyramphus marmoratus,Corvus corax,220,927.97,aves,aves,na,na
1,Neotoma fuscipes,Accipiter cooperii,226.915,429.67,mammals,aves,na,na
1,Sphyrapicus nuchalis,Accipiter striatus,48.49,130.59,aves,aves,na,na
1,Baiomys taylori,Glaucidium brasilianum,7.72,75.1,mammals,aves,na,na
1,Sorex trowbridgii,Tyto alba,4.3,403.32,mammals,aves,na,na
1,Butorides virescens,Corvus brachyrhynchos,201.5,448.76,aves,aves,na,na
1,Anas crecca,Falco peregrinus,341.89,759.95,aves,aves,na,na
1,Mergus serrator,Haliaeetus leucocephalus,1015.17,4700.58,aves,aves,na,na
1,Sorex palustris,Strix varia,13.175,711.49,mammals,aves,na,na
1,Ovibos moschatus,Canis lupus,326750.53,33591.665,mammals,mammals,na,na
1,Charadrius semipalmatus,Corvus corax,46.74,927.97,aves,aves,na,na
1,Bucephala albeola,Falco peregrinus,397.46,759.95,aves,aves,na,na
1,Sylvilagus bachmani,Accipiter cooperii,680.125,429.67,mammals,aves,na,na
1,Spermophilus washingtoni,Taxidea taxus,211.25,7473.775,mammals,mammals,na,na
1,Anas platyrhynchos,Buteo swainsoni,843.42,946.61,aves,aves,na,na
1,Ovis ammon,Panthera pardus,146500,52219.11,mammals,mammals,na,na
1,Abrothrix olivaceus,Buteo polyosoma,24.52,782.61,mammals,aves,na,na
1,Passerculus sandwichensis,Falco peregrinus,19.97,759.95,aves,aves,na,na
1,Ursus arctos,Homo sapiens,188260.21,58620.315,mammals,mammals,na,na
1,Nasua nasua,Panthera onca,3791.925,92450,mammals,mammals,na,na
1,Zapus princeps,Procyon lotor,28.1,5947.485,mammals,mammals,na,na
1,Spermophilus washingtoni,Aquila chrysaetos,211.25,4247.97,mammals,aves,na,na
1,Acridotheres tristis,Falco peregrinus,116.43,759.95,aves,aves,na,na
1,Peromyscus maniculatus,Circus cyaneus,20.69,392.98,mammals,aves,na,na
1,Parabuteo unicinctus,Bubo virginianus,850.28,1575.7,aves,aves,na,na
1,Odocoileus virginianus,Panthera onca,65254.28,92450,mammals,mammals,na,na
1,Sylvilagus nuttallii,Accipiter cooperii,780.045,429.67,mammals,aves,na,na
1,Passer domesticus,Accipiter gentilis,26.51,866.04,aves,aves,na,na
1,Anas fulvigula,Chelydra serpentina,843.42,8133.379934,aves,reptilia,na,na
1,Pipilo erythrophthalmus,Asio flammeus,40.03,322.61,aves,aves,na,na
1,Peromyscus boylii,Vulpes velox,22.625,2168.755,mammals,mammals,na,na
1,Mazama gouazoupira,Homo sapiens,16400,58620.315,mammals,mammals,na,na
1,Dendroica palmarum,Mustela erminea,10.3,201.69,aves,mammals,na,na
1,Sturnus vulgaris,Megascops asio,77.14,179.99,aves,aves,na,na
1,Nerodia sipedon,Buteo lineatus,352.7603443,603.72,reptilia,aves,na,na
1,Pica pica,Aquila chrysaetos,217.48,4247.97,aves,aves,na,na
1,Larus californicus,Procyon lotor,683.39,5947.485,aves,mammals,na,na
1,Spermophilus lateralis,Ursus arctos,183,188260.21,mammals,mammals,na,na
1,Anolis stratulus,Buteo jamaicensis,2.261662579,1101.16,reptilia,aves,na,na
1,Lithobates pipiens,Megascops asio,39.2,179.99,amphibians,aves,na,na
1,Pleurodema thaul,Athene cunicularia,5.5,150.61,amphibians,aves,na,na
1,Lampropeltis triangulum,Vulpes vulpes,206.289758,5158.085,reptilia,mammals,na,na
1,Sciurus niger,Buteo jamaicensis,761.9,1101.16,mammals,aves,na,na
1,Sylvilagus audubonii,Aquila chrysaetos,886.315,4247.97,mammals,aves,na,na
1,Taricha torosa,Thamnophis atratus,10.955,128.6684147,amphibians,reptilia,na,na
1,Rhabdomys pumilio,Lanius collaris,40.91,36.44,mammals,aves,na,na
1,Papio papio,Crocuta crocuta,18026.05,65246.03,mammals,mammals,na,na
1,Cyanocitta cristata,Accipiter striatus,88,130.59,aves,aves,na,na
1,Reithrodontomys megalotis,Vulpes vulpes,10.035,5158.085,mammals,mammals,na,na
1,Sceloporus magister,Buteo albonotatus,38.68440666,745.92,reptilia,aves,na,na
1,Bubo virginianus,Accipiter gentilis,1575.7,866.04,aves,aves,na,na
1,Athene cunicularia,Athene cunicularia,150.61,150.61,aves,aves,na,na
1,Bonasa umbellus,Strix varia,530.91,711.49,aves,aves,na,na
1,Myopus schisticolor,Strix nebulosa,27.5,1061.89,mammals,aves,na,na
1,Larus californicus,Branta canadensis,683.39,2811.68,aves,aves,na,na
1,Amphispiza bilineata,Falco sparverius,13.5,114.61,aves,aves,na,na
1,Agelaius phoeniceus,Buteo jamaicensis,50.78,1101.16,aves,aves,na,na
1,Phyllotis darwini,Athene cunicularia,49.865,150.61,mammals,aves,na,na
1,Procyon lotor,Aquila chrysaetos,5947.485,4247.97,mammals,aves,na,na
1,Spermophilus townsendii,Falco mexicanus,210,713.07,mammals,aves,na,na
1,Ardea herodias,Buteo jamaicensis,2523.41,1101.16,aves,aves,na,na
1,Cistothorus palustris,Glaucidium gnoma,10.8,61.25,aves,aves,na,na
1,Papio cynocephalus,Panthera pardus,15822.15,52219.11,mammals,mammals,na,na
1,Corvus brachyrhynchos,Aquila chrysaetos,448.76,4247.97,aves,aves,na,na
1,Fregata magnificens,Python molurus,1490.52,24741.97203,aves,reptilia,na,na
1,Anhinga anhinga,Python molurus,1235,24741.97203,aves,reptilia,na,na
1,Calidris alba,Falco columbarius,51.71,188.5,aves,aves,na,na
1,Tamias merriami,Accipiter striatus,74.8,130.59,mammals,aves,na,na
1,Carduelis carduelis,Asio otus,16,296.57,aves,aves,na,na
1,Melursus ursinus,Panthera tigris,96015,162782,mammals,mammals,na,na
1,Microtus longicaudus,Asio otus,45.755,296.57,mammals,aves,na,na
1,Columba palumbus,Accipiter gentilis,490,866.04,aves,aves,na,na
1,Parascalops breweri,Felis silvestris,50.8,4794.995,mammals,mammals,na,na
1,Tarentola mauritanica,Malpolon monspessulanus,7.656744024,139.5382258,reptilia,reptilia,na,na
1,Epomophorus gambianus,Macheiramphus alcinus,128.435,650,mammals,aves,bat,na
1,Papio cynocephalus,Panthera leo,15822.15,160249.53,mammals,mammals,na,na
1,Lepus townsendii,Buteo regalis,2467.5,1437.18,mammals,aves,na,na
1,Rissa tridactyla,Falco rusticolus,415.99,1431.72,aves,aves,na,na
1,Cervus eldii,Panthera pardus,94700,52219.11,mammals,mammals,na,na
1,Mephitis mephitis,Haliaeetus leucocephalus,2242.51,4700.58,mammals,aves,na,na
1,Fulica atra,Accipiter gentilis,717.12,866.04,aves,aves,na,na
1,Anolis cuvieri,Herpestes javanicus,46.523015,757.5,reptilia,mammals,na,na
1,Zonotrichia leucophrys,Falco sparverius,28,114.61,aves,aves,na,na
1,Carpodacus mexicanus,Procyon lotor,21.4,5947.485,aves,mammals,na,na
1,Clangula hyemalis,Falco peregrinus,871,759.95,aves,aves,na,na
1,Genetta piscivora,Homo sapiens,1648.05,58620.315,mammals,mammals,na,na
1,Lemmiscus curtatus,Corvus corax,28.285,927.97,mammals,aves,na,na
1,Asio otus,Bubo virginianus,296.57,1575.7,aves,aves,na,na
1,Sayornis saya,Falco mexicanus,20.9,713.07,aves,aves,na,na
1,Sciurus carolinensis,Accipiter gentilis,526.25,866.04,mammals,aves,na,na
1,Rattus norvegicus,Megascops asio,310.665,179.99,mammals,aves,na,na
1,Sceloporus jarrovii,Buteogallus anthracinus,20.28078496,975.09,reptilia,aves,na,na
1,Redunca arundinum,Acinonyx jubatus,57850.135,48600,mammals,mammals,na,na
1,Clethrionomys californicus,Martes americana,18.3,1066,mammals,mammals,na,na
1,Cercartetus caudatus,Canis lupus,24,33591.665,mammals,mammals,na,na
1,Sciurus vulgaris,Vulpes vulpes,333,5158.085,mammals,mammals,na,na
1,Selasphorus platycercus,Accipiter striatus,3.54,130.59,aves,aves,na,na
1,Turdus viscivorus,Accipiter gentilis,117.37,866.04,aves,aves,na,na
1,Tachyglossus aculeatus,Canis lupus,3762.5,33591.665,mammals,mammals,na,na
1,Lagopus lagopus,Strix nebulosa,566.86,1061.89,aves,aves,na,na
1,Thomomys townsendii,Falco sparverius,263.175,114.61,mammals,aves,na,na
1,Asio flammeus,Falco rusticolus,322.61,1431.72,aves,aves,na,na
1,Chiromantis xerampelina,Philothamnus semivariegatus,19.2,86.31276812,amphibians,reptilia,na,na
1,Blarina brevicauda,Asio otus,23.2,296.57,mammals,aves,na,na
1,Sciurus carolinensis,Bubo virginianus,526.25,1575.7,mammals,aves,na,na
1,Dendrocygna bicolor,Haliaeetus leucocephalus,756.37,4700.58,aves,aves,na,na
1,Anas fulvigula,Alligator mississippiensis,843.42,60001.02853,aves,reptilia,na,na
1,Chordeiles minor,Canis lupus,79.3,33591.665,aves,mammals,na,na
1,Sceloporus undulatus,Gymnorhinus cyanocephalus,11.37850564,104.82,reptilia,aves,na,na
1,Lophocebus albigena,Homo sapiens,7525.03,58620.315,mammals,mammals,na,na
1,Reithrodontomys megalotis,Falco mexicanus,10.035,713.07,mammals,aves,na,na
1,Coccyzus americanus,Buteo brachyurus,64,496.01,aves,aves,na,na
1,Coluber constrictor,Buteo swainsoni,208.8797407,946.61,reptilia,aves,na,na
1,Hypogeomys antimena,Acrantophis dumerili,1215,877.0845237,mammals,reptilia,na,na
1,Anas strepera,Procyon lotor,915.58,5947.485,aves,mammals,na,na
1,Cervus albirostris,Uncia uncia,161000,38333.5,mammals,mammals,na,na
1,Leontopithecus caissara,Puma yagouaroundi,588.5,6875,mammals,mammals,na,na
1,Phalaropus lobatus,Falco columbarius,36.68,188.5,aves,aves,na,na
1,Carpodacus mexicanus,Accipiter cooperii,21.4,429.67,aves,aves,na,na
1,Fulica atra,Falco peregrinus,717.12,759.95,aves,aves,na,na
1,Pituophis catenifer,Accipiter cooperii,497.1560436,429.67,reptilia,aves,na,na
1,Phrynosoma hernandesi,Buteo swainsoni,24.78618667,946.61,reptilia,aves,na,na
1,Synaptomys cooperi,Aegolius acadicus,29.96,100.69,mammals,aves,na,na
1,Certhia americana,Felis silvestris,8.1,4794.995,aves,mammals,na,na
1,Columbina inca,Accipiter cooperii,47.5,429.67,aves,aves,na,na
1,Larus hyperboreus,Homo sapiens,1529.04,58620.315,aves,mammals,na,na
1,Cynomys ludovicianus,Haliaeetus leucocephalus,1080.5,4700.58,mammals,aves,na,na
1,Sturnella neglecta,Falco mexicanus,100.06,713.07,aves,aves,na,na
1,Turdus merula,Accipiter nisus,88.93622727,220.79,aves,aves,na,na
1,Anthus spinoletta,Falco sparverius,23.9,114.61,aves,aves,na,na
1,Coluber constrictor,Buteo jamaicensis,208.8797407,1101.16,reptilia,aves,na,na
1,Hypogeomys antimena,Cryptoprocta ferox,1215,9500,mammals,mammals,na,na
1,Ammodorcas clarkei,Homo sapiens,28024.905,58620.315,mammals,mammals,na,na
1,Eremophila alpestris,Bubo virginianus,33.33,1575.7,aves,aves,na,na
1,Microtus longicaudus,Bubo virginianus,45.755,1575.7,mammals,aves,na,na
1,Marmota broweri,Gulo gulo,3405,14906.28,mammals,mammals,na,na
1,Dryomys nitedula,Bubo bubo,31.55,2668.51,mammals,aves,na,na
1,Plecotus austriacus,Homo sapiens,7.01,58620.315,mammals,mammals,bat,na
1,Chaetodipus californicus,Tyto alba,22,403.32,mammals,aves,na,na
1,Columba livia,Buteo lineatus,354.2,603.72,aves,aves,na,na
1,Pseudacris regilla,Spermophilus beecheyi,5.6,588.25,amphibians,mammals,na,na
1,Larus californicus,Aquila chrysaetos,683.39,4247.97,aves,aves,na,na
1,Ailuropoda melanoleuca,Homo sapiens,113200,58620.315,mammals,mammals,na,na
1,Thryomanes bewickii,Accipiter cooperii,9.9,429.67,aves,aves,na,na
1,Kobus megaceros,Panthera pardus,86350.195,52219.11,mammals,mammals,na,na
1,Panthera pardus,Panthera leo,52219.11,160249.53,mammals,mammals,na,na
1,Mogera insularis,Trimeresurus yunnanensis,83.03,315.9475464,mammals,reptilia,na,na
1,Puma concolor,Puma concolor,52750.02,52750.02,mammals,mammals,na,na
1,Branta canadensis,Larus hyperboreus,2811.68,1529.04,aves,aves,na,na
1,Rynchops niger,Vulpes vulpes,297.73,5158.085,aves,mammals,na,na
1,Abrothrix olivaceus,Elanus leucurus,24.52,346,mammals,aves,na,na
1,Lepus californicus,Circus cyaneus,2421.24,392.98,mammals,aves,na,na
1,Marmota bobak,Canis lupus,5500,33591.665,mammals,mammals,na,na
1,Tyrannus vociferans,Accipiter cooperii,45.6,429.67,aves,aves,na,na
1,Castor canadensis,Haliaeetus leucocephalus,19960,4700.58,mammals,aves,na,na
1,Peromyscus maniculatus,Aegolius funereus,20.69,137.18,mammals,aves,na,na
1,Blarina brevicauda,Buteo jamaicensis,23.2,1101.16,mammals,aves,na,na
1,Sigmodon hispidus,Falco peregrinus,101.69,759.95,mammals,aves,na,na
1,Sialia currucoides,Falco mexicanus,29.6,713.07,aves,aves,na,na
1,Spermophilus brunneus,Accipiter cooperii,300,429.67,mammals,aves,na,na
1,Onychomys leucogaster,Buteo regalis,27.91,1437.18,mammals,aves,na,na
1,Podarcis muralis,Hierophis viridiflavus,5.967798415,138.9590956,reptilia,reptilia,na,na
1,Onychomys arenicola,Canis latrans,30,12703.165,mammals,mammals,na,na
1,Microtus pennsylvanicus,Asio flammeus,39.625,322.61,mammals,aves,na,na
1,Sylvilagus floridanus,Homo sapiens,1191.395,58620.315,mammals,mammals,na,na
1,Sceloporus graciosus,Asio otus,8.962039307,296.57,reptilia,aves,na,na
1,Microtus longicaudus,Accipiter striatus,45.755,130.59,mammals,aves,na,na
1,Blarina brevicauda,Strix varia,23.2,711.49,mammals,aves,na,na
1,Brachyteles arachnoides,Panthera onca,12049.94,92450,mammals,mammals,na,na
1,Lepus californicus,Buteo swainsoni,2421.24,946.61,mammals,aves,na,na
1,Plestiodon tetragrammus,Glaucidium brasilianum,4.59929771,75.1,reptilia,aves,na,na
1,Natrix maura,Lutra lutra,54.05993842,8822.57,reptilia,mammals,na,na
1,Mustela nivalis,Surnia ulula,91.89,319.9,mammals,aves,na,na
1,Calidris alpina,Asio flammeus,51.89,322.61,aves,aves,na,na
1,Blarina hylophaga,Felis silvestris,14.5,4794.995,mammals,mammals,na,na
1,Sitta pygmaea,Accipiter cooperii,10.6,429.67,aves,aves,na,na
1,Storeria occipitomaculata,Lampropeltis triangulum,7.358581925,206.289758,reptilia,reptilia,na,na
1,Uria aalge,Haliaeetus leucocephalus,991.93,4700.58,aves,aves,na,na
1,Thomomys talpoides,Vulpes vulpes,117.54,5158.085,mammals,mammals,na,na
1,Peromyscus maniculatus,Falco sparverius,20.69,114.61,mammals,aves,na,na
1,Megascops asio,Strix varia,179.99,711.49,aves,aves,na,na
1,Microtus montanus,Falco sparverius,39.615,114.61,mammals,aves,na,na
1,Sorex araneus,Felis silvestris,9.415,4794.995,mammals,mammals,na,na
1,Antrozous pallidus,Bubo virginianus,21.5,1575.7,mammals,aves,bat,na
1,Microtus xanthognathus,Canis lupus,109.225,33591.665,mammals,mammals,na,na
1,Picoides villosus,Haliaeetus leucocephalus,62.65,4700.58,aves,aves,na,na
1,Furcifer verrucosus,Mimophis mahfalensis,115.2410428,59.23963002,reptilia,reptilia,na,na
1,Lithobates catesbeianus,Buteogallus anthracinus,312.7083338,975.09,amphibians,aves,na,na
1,Felis catus,Canis latrans,2884.8,12703.165,mammals,mammals,na,na
1,Pappogeomys castanops,Aquila chrysaetos,267,4247.97,mammals,aves,na,na
1,Chloroceryle americana,Falco femoralis,33.73,335.76,aves,aves,na,na
1,Papio anubis,Pan troglodytes,17728.56,43800,mammals,mammals,na,na
1,Aythya americana,Haliaeetus leucocephalus,1075.69,4700.58,aves,aves,na,na
1,Gallinula chloropus,Haliaeetus leucocephalus,339.63,4700.58,aves,aves,na,na
1,Pseudois nayaur,Panthera pardus,48400,52219.11,mammals,mammals,na,na
1,Euphagus cyanocephalus,Buteo jamaicensis,62.48,1101.16,aves,aves,na,na
1,Passerella iliaca,Accipiter cooperii,33.25,429.67,aves,aves,na,na
1,Blarina brevicauda,Canis latrans,23.2,12703.165,mammals,mammals,na,na
1,Microtus oeconomus,Surnia ulula,33.74,319.9,mammals,aves,na,na
1,Lampropeltis getula,Buteo jamaicensis,254.5022718,1101.16,reptilia,aves,na,na
1,Amphispiza bilineata,Canis latrans,13.5,12703.165,aves,mammals,na,na
1,Tamias dorsalis,Mustela frenata,67.4,169,mammals,mammals,na,na
1,Gallus gallus,Python molurus,751.72,24741.97203,aves,reptilia,na,na
1,Picoides pubescens,Accipiter striatus,25.55,130.59,aves,aves,na,na
1,Myotis austroriparius,Didelphis virginiana,7.065,2332.74,mammals,mammals,bat,na
1,Eudocimus albus,Python molurus,889.66,24741.97203,aves,reptilia,na,na
1,Anolis gundlachi,Buteo jamaicensis,5.802858037,1101.16,reptilia,aves,na,na
1,Synthliboramphus antiquus,Homo sapiens,217.72,58620.315,aves,mammals,na,na
1,Notiosorex crawfordi,Tyto alba,4.63,403.32,mammals,aves,na,na
1,Pooecetes gramineus,Circus cyaneus,25.68,392.98,aves,aves,na,na
1,Microtus pennsylvanicus,Buteo platypterus,39.625,453.65,mammals,aves,na,na
1,Gopherus polyphemus,Alligator mississippiensis,2624.09666,60001.02853,reptilia,reptilia,na,na
1,Clethrionomys glareolus,Neovison vison,20.7,1150,mammals,mammals,na,na
1,Reithrodontomys megalotis,Aegolius acadicus,10.035,100.69,mammals,aves,na,na
1,Sorex cinereus,Strix nebulosa,4.4,1061.89,mammals,aves,na,na
1,Eleutherodactylus coqui,Megascops nudipes,4.073333333,137.34,amphibians,aves,na,na
1,Microtus pennsylvanicus,Buteo lineatus,39.625,603.72,mammals,aves,na,na
1,Eptesicus fuscus,Asio otus,16.88,296.57,mammals,aves,bat,na
1,Sciurus niger,Didelphis virginiana,761.9,2332.74,mammals,mammals,na,na
1,Calidris maritima,Vulpes lagopus,65.1,3584.37,aves,mammals,na,na
1,Euphagus cyanocephalus,Falco columbarius,62.48,188.5,aves,aves,na,na
1,Calidris pusilla,Asio flammeus,27.5,322.61,aves,aves,na,na
1,Clangula hyemalis,Larus hyperboreus,871,1529.04,aves,aves,na,na
1,Microtus ochrogaster,Asio flammeus,40.255,322.61,mammals,aves,na,na
1,Sus scrofa,Cathartes aura,90309.045,1518.24,mammals,aves,na,na
1,Farancia abacura,Alligator mississippiensis,347.6626175,60001.02853,reptilia,reptilia,na,na
1,Alces alces,Homo sapiens,418999.08,58620.315,mammals,mammals,na,na
1,Zapus princeps,Vulpes velox,28.1,2168.755,mammals,mammals,na,na
1,Surnia ulula,Falco peregrinus,319.9,759.95,aves,aves,na,na
1,Ratufa indica,Felis silvestris,1060,4794.995,mammals,mammals,na,na
1,Bombycilla cedrorum,Quiscalus quiscula,31.58,105.18,aves,aves,na,na
1,Cyclura cornuta,Sus scrofa,3499.043564,90309.045,reptilia,mammals,na,na
1,Microtus californicus,Urocyon cinereoargenteus,57.41,3831.86,mammals,mammals,na,na
1,Microtus pennsylvanicus,Aegolius acadicus,39.625,100.69,mammals,aves,na,na
1,Spizella breweri,Falco femoralis,10.9,335.76,aves,aves,na,na
1,Sciurus aberti,Buteo jamaicensis,623.495,1101.16,mammals,aves,na,na
1,Dumetella carolinensis,Asio flammeus,35.3,322.61,aves,aves,na,na
1,Ursus americanus,Ursus arctos,105474.68,188260.21,mammals,mammals,na,na
1,Bitis arietans,Naja pallida,916.2346976,228.4178301,reptilia,reptilia,na,na
1,Oreoscoptes montanus,Falco mexicanus,44.2,713.07,aves,aves,na,na
1,Pandion haliaetus,Procyon lotor,1483.2,5947.485,aves,mammals,na,na
1,Spiza americana,Tyto alba,26.18,403.32,aves,aves,na,na
1,Callipepla gambelii,Buteo jamaicensis,165.95,1101.16,aves,aves,na,na
1,Coluber constrictor,Buteo platypterus,208.8797407,453.65,reptilia,aves,na,na
1,Microtus montanus,Accipiter striatus,39.615,130.59,mammals,aves,na,na
1,Eleutherodactylus coqui,Icterus dominicensis,4.073333333,35.74,amphibians,aves,na,na
1,Pipilo chlorurus,Falco mexicanus,29.4,713.07,aves,aves,na,na
1,Picoides villosus,Accipiter striatus,62.65,130.59,aves,aves,na,na
1,Pituophis melanoleucus,Buteo swainsoni,315.2912209,946.61,reptilia,aves,na,na
1,Taricha torosa,Taricha torosa,10.955,10.955,amphibians,amphibians,na,na
1,Microtus agrestis,Strix nebulosa,39.2,1061.89,mammals,aves,na,na
1,Passer domesticus,Canis lupus,26.51,33591.665,aves,mammals,na,na
1,Microtus rossiaemeridionalis,Aegolius funereus,35.5,137.18,mammals,aves,na,na
1,Mus musculus,Falco tinnunculus,17.775,183.21,mammals,aves,na,na
1,Glaucomys volans,Megascops asio,67.935,179.99,mammals,aves,na,na
1,Egretta thula,Corvus brachyrhynchos,371,448.76,aves,aves,na,na
1,Cervus elaphus,Ursus arctos,202507.925,188260.21,mammals,mammals,na,na
1,Equus caballus,Ursus arctos,325000,188260.21,mammals,mammals,na,na
1,Haliaeetus leucocephalus,Haliaeetus leucocephalus,4700.58,4700.58,aves,aves,na,na
1,Microtus ochrogaster,Canis latrans,40.255,12703.165,mammals,mammals,na,na
1,Clangula hyemalis,Stercorarius parasiticus,871,444.31,aves,aves,na,na
1,Fulica americana,Haliaeetus leucocephalus,636.74,4700.58,aves,aves,na,na
1,Pipilo erythrophthalmus,Megascops asio,40.03,179.99,aves,aves,na,na
1,Larus argentatus,Stercorarius parasiticus,1090.99,444.31,aves,aves,na,na
1,Anolis evermanni,Anolis stratulus,5.197487098,2.261662579,reptilia,reptilia,na,na
1,Jaculus jaculus,Asio otus,58.175,296.57,mammals,aves,na,na
1,Macropus bernardus,Vulpes vulpes,17000,5158.085,mammals,mammals,na,na
1,Tamiasciurus hudsonicus,Accipiter striatus,200.585,130.59,mammals,aves,na,na
1,Ondatra zibethicus,Tyto alba,1028.875,403.32,mammals,aves,na,na
1,Glaucomys volans,Bubo virginianus,67.935,1575.7,mammals,aves,na,na
1,Elgaria multicarinata,Buteo lineatus,39.33958162,603.72,reptilia,aves,na,na
1,Ondatra zibethicus,Buteo lineatus,1028.875,603.72,mammals,aves,na,na
1,Junco hyemalis,Martes americana,19.5,1066,aves,mammals,na,na
1,Rattus norvegicus,Haliaeetus leucocephalus,310.665,4700.58,mammals,aves,na,na
1,Anas rubripes,Bubo virginianus,1240.96,1575.7,aves,aves,na,na
1,Rangifer tarandus,Haliaeetus albicilla,97016.99,4729.27,mammals,aves,na,na
1,Sturnus vulgaris,Accipiter cooperii,77.14,429.67,aves,aves,na,na
1,Accipiter striatus,Strix nebulosa,130.59,1061.89,aves,aves,na,na
1,Passer domesticus,Megascops kennicottii,26.51,141.82,aves,aves,na,na
1,Gazella gazella,Homo sapiens,21974.965,58620.315,mammals,mammals,na,na
1,Chalarodon madagascariensis,Mimophis mahfalensis,9.14394424,59.23963002,reptilia,reptilia,na,na
1,Sorex monticolus,Accipiter striatus,6.015,130.59,mammals,aves,na,na
1,Oceanites oceanicus,Macronectes giganteus,30.41,3591.69,aves,aves,na,na
1,Thomomys townsendii,Aquila chrysaetos,263.175,4247.97,mammals,aves,na,na
1,Turdus migratorius,Strix nebulosa,79.98562144,1061.89,aves,aves,na,na
1,Vulpes macrotis,Aquila chrysaetos,4499.97,4247.97,mammals,aves,na,na
1,Turdus migratorius,Tyto alba,79.98562144,403.32,aves,aves,na,na
1,Salvadora hexalepis,Buteo jamaicensis,64.24414947,1101.16,reptilia,aves,na,na
1,Zapus trinotatus,Bubo virginianus,27.5,1575.7,mammals,aves,na,na
1,Zenaida asiatica,Canis latrans,153,12703.165,aves,mammals,na,na
1,Didelphis virginiana,Alligator mississippiensis,2332.74,60001.02853,mammals,reptilia,na,na
1,Turdus iliacus,Aegolius funereus,61.2,137.18,aves,aves,na,na
1,Thomomys talpoides,Athene cunicularia,117.54,150.61,mammals,aves,na,na
1,Nucifraga columbiana,Aquila chrysaetos,129.81,4247.97,aves,aves,na,na
1,Microtus montanus,Aquila chrysaetos,39.615,4247.97,mammals,aves,na,na
1,Urosaurus ornatus,Accipiter cooperii,4.626444304,429.67,reptilia,aves,na,na
1,Podilymbus podiceps,Larus glaucescens,411.93,1056.54,aves,aves,na,na
1,Zenaida macroura,Megascops asio,118.93,179.99,aves,aves,na,na
1,Chelydra serpentina,Haliaeetus leucocephalus,8133.379934,4700.58,reptilia,aves,na,na
1,Spermophilus tridecemlineatus,Taxidea taxus,153.335,7473.775,mammals,mammals,na,na
1,Microtus xanthognathus,Vulpes vulpes,109.225,5158.085,mammals,mammals,na,na
1,Neotoma cinerea,Falco mexicanus,292.575,713.07,mammals,aves,na,na
1,Erinaceus europaeus,Felis silvestris,785.5,4794.995,mammals,mammals,na,na
1,Sceloporus poinsettii,Buteo albonotatus,30.96295249,745.92,reptilia,aves,na,na
1,Mephitis mephitis,Coragyps atratus,2242.51,1758.195926,mammals,aves,na,na
1,Porphyrio martinica,Python molurus,235.06,24741.97203,aves,reptilia,na,na
1,Thamnophis sirtalis,Lampropeltis getula,287.1256415,254.5022718,reptilia,reptilia,na,na
1,Tetrao urogallus,Accipiter gentilis,2716.61,866.04,aves,aves,na,na
1,Dendroica petechia,Corvus brachyrhynchos,10.22,448.76,aves,aves,na,na
1,Somateria mollissima,Corvus corax,2060.93,927.97,aves,aves,na,na
1,Pica pica,Accipiter gentilis,217.48,866.04,aves,aves,na,na
1,Larus argentatus,Corvus corax,1090.99,927.97,aves,aves,na,na
1,Marmota monax,Accipiter gentilis,3840.86,866.04,mammals,aves,na,na
1,Grus canadensis,Aquila chrysaetos,4296.22,4247.97,aves,aves,na,na
1,Oreoscoptes montanus,Geococcyx velox,44.2,180.1118748,aves,aves,na,na
1,Chrysochloris asiatica,Bubo africanus,44.95,685,mammals,aves,na,na
1,Molothrus ater,Accipiter striatus,42.02651747,130.59,aves,aves,na,na
1,Columba livia,Haliaeetus leucocephalus,354.2,4700.58,aves,aves,na,na
1,Avahi laniger,Accipiter henstii,960,1050,mammals,aves,na,na
1,Troglodytes aedon,Python molurus,10.85,24741.97203,aves,reptilia,na,na
1,Branta bernicla,Haliaeetus leucocephalus,1277.91,4700.58,aves,aves,na,na
1,Ardea herodias,Bubo virginianus,2523.41,1575.7,aves,aves,na,na
1,Spermophilus lateralis,Lynx rufus,183,7647.05,mammals,mammals,na,na
1,Agelaius phoeniceus,Falco columbarius,50.78,188.5,aves,aves,na,na
1,Ondatra zibethicus,Procyon lotor,1028.875,5947.485,mammals,mammals,na,na
1,Chaetodipus nelsoni,Crotalus atrox,15.525,1695.613881,mammals,reptilia,na,na
1,Phalaenoptilus nuttallii,Athene cunicularia,48.33,150.61,aves,aves,na,na
1,Turdus migratorius,Lithobates catesbeianus,79.98562144,312.7083338,aves,amphibians,na,na
1,Colaptes auratus,Falco mexicanus,131.46,713.07,aves,aves,na,na
1,Trichosurus caninus,Dasyurus maculatus,3320,4430,mammals,mammals,na,na
1,Vireo latimeri,Accipiter striatus,12,130.59,aves,aves,na,na
1,Colaptes auratus,Accipiter gentilis,131.46,866.04,aves,aves,na,na
1,Calamospiza melanocorys,Athene cunicularia,37.6,150.61,aves,aves,na,na
1,Oryctolagus cuniculus,Buteo buteo,1711.11,864.34,mammals,aves,na,na
1,Tamias amoenus,Accipiter cooperii,50.6,429.67,mammals,aves,na,na
1,Onychogalea fraenata,Vulpes vulpes,5220,5158.085,mammals,mammals,na,na
1,Sturnus vulgaris,Falco sparverius,77.14,114.61,aves,aves,na,na
1,Tyrannus verticalis,Falco mexicanus,39.6,713.07,aves,aves,na,na
1,Cardinalis cardinalis,Asio otus,42.64,296.57,aves,aves,na,na
1,Zapus princeps,Aegolius funereus,28.1,137.18,mammals,aves,na,na
1,Eleutherodactylus coqui,Sphaerodactylus klauberi,4.073333333,0.786958955,amphibians,reptilia,na,na
1,Sterna paradisaea,Falco peregrinus,110,759.95,aves,aves,na,na
1,Reithrodontomys montanus,Asio flammeus,10.9,322.61,mammals,aves,na,na
1,Pelea capreolus,Panthera leo,21250,160249.53,mammals,mammals,na,na
1,Podilymbus podiceps,Fulica americana,411.93,636.74,aves,aves,na,na
1,Parascalops breweri,Lithobates catesbeianus,50.8,312.7083338,mammals,amphibians,na,na
1,Anas americana,Haliaeetus leucocephalus,754.61,4700.58,aves,aves,na,na
1,Alectoris rufa,Accipiter gentilis,527.86,866.04,aves,aves,na,na
1,Thomomys bottae,Asio otus,118.875,296.57,mammals,aves,na,na
1,Sceloporus occidentalis,Crotalus oreganus,13.49958843,652.8298242,reptilia,reptilia,na,na
1,Sceloporus jarrovii,Buteo jamaicensis,20.28078496,1101.16,reptilia,aves,na,na
1,Rattus norvegicus,Buteo lineatus,310.665,603.72,mammals,aves,na,na
1,Ovis aries,Corvus corone,42100,570,mammals,aves,na,na
1,Oryzomys nitidus,Chrysocyon brachyurus,55.2,23274.92,mammals,mammals,na,na
1,Fulica americana,Canis latrans,636.74,12703.165,aves,mammals,na,na
1,Clethrionomys glareolus,Falco tinnunculus,20.7,183.21,mammals,aves,na,na
1,Phyllotis darwini,Elanus leucurus,49.865,346,mammals,aves,na,na
1,Xantusia riversiana,Lanius ludovicianus,16.01889724,51.59,reptilia,aves,na,na
1,Catharus ustulatus,Accipiter striatus,30.3,130.59,aves,aves,na,na
1,Sitta pygmaea,Glaucidium gnoma,10.6,61.25,aves,aves,na,na
1,Dipodomys microps,Buteo regalis,55.45,1437.18,mammals,aves,na,na
1,Eunectes notaeus,Caiman crocodilus,6041.245573,15888.10568,reptilia,reptilia,na,na
1,Lithobates sylvaticus,Buteo platypterus,16,453.65,amphibians,aves,na,na
1,Agelaius phoeniceus,Pica pica,50.78,217.48,aves,aves,na,na
1,Pooecetes gramineus,Buteo regalis,25.68,1437.18,aves,aves,na,na
1,Parus major,Aegolius funereus,16.25,137.18,aves,aves,na,na
1,Podilymbus podiceps,Falco peregrinus,411.93,759.95,aves,aves,na,na
1,Bos taurus,Coragyps atratus,756500,1758.195926,mammals,aves,na,na
1,Philodryas chamissonis,Falco sparverius,399.6375526,114.61,reptilia,aves,na,na
1,Mustela nivalis,Buteo lagopus,91.89,949.76,mammals,aves,na,na
1,Didelphis virginiana,Strix varia,2332.74,711.49,mammals,aves,na,na
1,Larus delawarensis,Haliaeetus leucocephalus,516.31,4700.58,aves,aves,na,na
1,Bassaricyon gabbii,Homo sapiens,1250,58620.315,mammals,mammals,na,na
1,Chelydra serpentina,Procyon lotor,8133.379934,5947.485,reptilia,mammals,na,na
1,Piranga olivacea,Accipiter gentilis,28.2,866.04,aves,aves,na,na
1,Anas clypeata,Haliaeetus leucocephalus,612.56,4700.58,aves,aves,na,na
1,Zapus hudsonius,Accipiter cooperii,17.76,429.67,mammals,aves,na,na
1,Larus canus,Haliaeetus leucocephalus,412.53,4700.58,aves,aves,na,na
1,Tyto alba,Buteo buteo,403.32,864.34,aves,aves,na,na
1,Falco sparverius,Accipiter cooperii,114.61,429.67,aves,aves,na,na
1,Sialia mexicana,Accipiter cooperii,26.44,429.67,aves,aves,na,na
1,Euphagus cyanocephalus,Aquila chrysaetos,62.48,4247.97,aves,aves,na,na
1,Anolis stratulus,Herpestes javanicus,2.261662579,757.5,reptilia,mammals,na,na
1,Seiurus aurocapilla,Buteo platypterus,18.8,453.65,aves,aves,na,na
1,Petauroides volans,Tyto tenebricosa,1280,660.6,mammals,aves,na,na
1,Reithrodontomys megalotis,Circus cyaneus,10.035,392.98,mammals,aves,na,na
1,Pteropus tonganus,Tyto alba,487.665,403.32,mammals,aves,bat,na
1,Mus musculus,Falco sparverius,17.775,114.61,mammals,aves,na,na
1,Colinus virginianus,Strix varia,177.6874419,711.49,aves,aves,na,na
1,Peromyscus boylii,Canis latrans,22.625,12703.165,mammals,mammals,na,na
1,Pseudochirulus herbertensis,Canis lupus,1098.34,33591.665,mammals,mammals,na,na
1,Aegolius acadicus,Asio flammeus,100.69,322.61,aves,aves,na,na
1,Callisaurus draconoides,Buteo albonotatus,14.04650527,745.92,reptilia,aves,na,na
1,Myiarchus crinitus,Asio flammeus,32.1,322.61,aves,aves,na,na
1,Glaucomys volans,Buteo lineatus,67.935,603.72,mammals,aves,na,na
1,Tamias dorsalis,Felis silvestris,67.4,4794.995,mammals,mammals,na,na
1,Phrynosoma platyrhinos,Buteo albonotatus,15.7839281,745.92,reptilia,aves,na,na
1,Mus musculus,Buteo jamaicensis,17.775,1101.16,mammals,aves,na,na
1,Anas fulvigula,Lontra canadensis,843.42,8088.71,aves,mammals,na,na
1,Sitta canadensis,Tamias cinereicollis,9.8,61.65,aves,mammals,na,na
1,Plestiodon fasciatus,Felis silvestris,6.745333421,4794.995,reptilia,mammals,na,na
1,Capra ibex,Canis lupus,77233.255,33591.665,mammals,mammals,na,na
1,Anolis stratulus,Vireo latimeri,2.261662579,12,reptilia,aves,na,na
1,Philodryas chamissonis,Geranoaetus melanoleucus,399.6375526,2378.62,reptilia,aves,na,na
1,Anolis stratulus,Myiarchus antillarum,2.261662579,23.4,reptilia,aves,na,na
1,Onychomys arenicola,Lynx rufus,30,7647.05,mammals,mammals,na,na
1,Synaptomys cooperi,Bubo virginianus,29.96,1575.7,mammals,aves,na,na
1,Didelphis virginiana,Didelphis virginiana,2332.74,2332.74,mammals,mammals,na,na
1,Barisia imbricata,Accipiter cooperii,32.17372542,429.67,reptilia,aves,na,na
1,Kobus megaceros,Panthera leo,86350.195,160249.53,mammals,mammals,na,na
1,Reithrodontomys megalotis,Bubo virginianus,10.035,1575.7,mammals,aves,na,na
1,Taricha torosa,Ardea herodias,10.955,2523.41,amphibians,aves,na,na
1,Pituophis catenifer,Bubo virginianus,497.1560436,1575.7,reptilia,aves,na,na
1,Ploceus cucullatus,Dendroaspis polylepis,36.08,2198.951109,aves,reptilia,na,na
1,Gallus gallus,Ursus arctos,751.72,188260.21,aves,mammals,na,na
1,Spermophilus tridecemlineatus,Buteo swainsoni,153.335,946.61,mammals,aves,na,na
1,Aythya marila,Corvus corax,1005.37,927.97,aves,aves,na,na
1,Abrothrix olivaceus,Parabuteo unicinctus,24.52,850.28,mammals,aves,na,na
1,Peromyscus maniculatus,Surnia ulula,20.69,319.9,mammals,aves,na,na
1,Ortalis vetula,Falco femoralis,562.6,335.76,aves,aves,na,na
1,Damaliscus hunteri,Panthera leo,78600,160249.53,mammals,mammals,na,na
1,Parus major,Accipiter nisus,16.25,220.79,aves,aves,na,na
1,Ovis ammon,Canis lupus,146500,33591.665,mammals,mammals,na,na
1,Sylvilagus transitionalis,Buteo platypterus,735.85,453.65,mammals,aves,na,na
1,Oceanites oceanicus,Asio flammeus,30.41,322.61,aves,aves,na,na
1,Abrocoma bennettii,Athene cunicularia,250.75,150.61,mammals,aves,na,na
1,Myodes glareolus,Aegolius funereus,20.73,137.18,mammals,aves,na,na
1,Tamiasciurus hudsonicus,Buteo jamaicensis,200.585,1101.16,mammals,aves,na,na
1,Microcebus rufus,Cryptoprocta ferox,45.5,9500,mammals,mammals,na,na
1,Alectoris chukar,Aquila chrysaetos,502.1,4247.97,aves,aves,na,na
1,Alle alle,Larus hyperboreus,180.73,1529.04,aves,aves,na,na
1,Sturnella magna,Haliaeetus leucocephalus,91.76,4700.58,aves,aves,na,na
1,Cervus eldii,Cuon alpinus,94700,15036.665,mammals,mammals,na,na
1,Thomomys bottae,Falco mexicanus,118.875,713.07,mammals,aves,na,na
1,Zonotrichia albicollis,Asio otus,24.4,296.57,aves,aves,na,na
1,Crotaphytus collaris,Buteo platypterus,31.90646838,453.65,reptilia,aves,na,na
1,Turdus migratorius,Buteo lineatus,79.98562144,603.72,aves,aves,na,na
1,Amphispiza bilineata,Falco femoralis,13.5,335.76,aves,aves,na,na
1,Myodes gapperi,Accipiter striatus,19.83,130.59,mammals,aves,na,na
1,Ondatra zibethicus,Strix varia,1028.875,711.49,mammals,aves,na,na
1,Columba livia,Accipiter nisus,354.2,220.79,aves,aves,na,na
1,Sigmodon hispidus,Bubo virginianus,101.69,1575.7,mammals,aves,na,na
1,Sciurus niger,Sciurus niger,761.9,761.9,mammals,mammals,na,na
1,Aethia pusilla,Haliaeetus leucocephalus,83.99,4700.58,aves,aves,na,na
1,Rattus exulans,Herpestes javanicus,48.955,757.5,mammals,mammals,na,na
1,Zonotrichia capensis,Falco femoralis,20.31,335.76,aves,aves,na,na
1,Auriparus flaviceps,Aphelocoma californica,6.8,85.74,aves,aves,na,na
1,Rissa tridactyla,Larus hyperboreus,415.99,1529.04,aves,aves,na,na
1,Dicrostonyx groenlandicus,Buteo lagopus,56.55,949.76,mammals,aves,na,na
1,Falco peregrinus,Myiopsitta monachus,759.95,120,aves,aves,na,na
1,Reithrodontomys humulis,Asio otus,8.28,296.57,mammals,aves,na,na
1,Tyrannus tyrannus,Accipiter cooperii,39.85,429.67,aves,aves,na,na
1,Sigmodon hispidus,Asio otus,101.69,296.57,mammals,aves,na,na
